Confusion Matrix:
[[  0   0   1   0   0   0   0   0   0   0   0   0   0   0   0   0   0   0
    0   0   0]
 [  0   4 288   0   0   0   0   0   0   0   0   0   0   0  11   0   0   0
    0   0   0]
 [  0   2 562   0   0   0   0   0   0   0   0   0   1   0  25   0   0   0
    8   0   1]
 [  0   0  56   0   0   0   0   0   0   0   0   0   0   0   1   0   0   0
    2   0   0]
 [  0   1  92   0   0   0   0   0   0   0   0   0   0   0   6   0   0   0
    5   0   0]
 [  0   0   9   0   0   0   0   0   0   0   0   0   0   0   6   0   0   0
    0   0   0]
 [  0   0   5   0   0   0   0   0   0   0   0   0   0   0  12   0   0   0
    0   0   0]
 [  0   0  11   0   0   0   0   0   0   0   0   0   0   0   0   0   0   0
    0   0   0]
 [  0   0   3   0   0   0   0   0   0   0   0   0   0   0   0   0   0   0
    0   0   0]
 [  0   4  15   0   0   0   0   0   0   0   0   0   0   0   8   0   0   0
   15   0   0]
 [  0   1   6   0   0   0   0   0   0   0   0   0   0   0  15   0   0   0
    2   0   0]
 [  0   0   1   0   0   0   0   0   0   0   0   0   0   0   4   0   0   0
    0   0   0]
 [  0   2   9   0   0   0   0   0   0   0   0   0   0   0   3   0   0   0
   17   0   0]
 [  0   2   9   0   0   0   0   0   0   0   0   0   0   0  19   0   0   0
    1   0   0]
 [  0   0  87   0   0   0   0   0   0   0   0   0   0   0 111   0   0   0
    2   0   0]
 [  0  16  28   0   0   0   0   0   0   0   0   0   0   0  13   0   0   0
   47   0   0]
 [  0   1   5   0   0   0   0   0   0   0   0   0   0   0   1   0   0   0
    0   0   0]
 [  0   0   0   0   0   0   0   0   0   0   0   0   0   0   0   0   0   0
    2   0   0]
 [  0   0   0   0   0   0   0   0   0   0   0   0   0   0  15   0   0   0
   18   0   0]
 [  0   0   1   0   0   0   0   0   0   0   0   0   0   0   1   0   0   0
    0   0   0]
 [  0   2   4   0   0   0   0   0   0   0   0   0   0   0  86   0   0   0
    3   0   0]]
Classification Report:
              precision    recall  f1-score   support

   ARG-UNDEF       0.00      0.00      0.00         1
        ARG0       0.11      0.01      0.02       303
        ARG1       0.47      0.94      0.63       599
        ARG2       0.00      0.00      0.00        59
    ARG2-ATR       0.00      0.00      0.00       104
    ARG2-GOL       0.00      0.00      0.00        15
    ARG2-LOC       0.00      0.00      0.00        17
    ARG2-SOU       0.00      0.00      0.00        11
        ARG3       0.00      0.00      0.00         3
    ARGM-ADV       0.00      0.00      0.00        42
    ARGM-CAU       0.00      0.00      0.00        24
    ARGM-DIR       0.00      0.00      0.00         5
    ARGM-DIS       0.00      0.00      0.00        31
    ARGM-EXT       0.00      0.00      0.00        31
    ARGM-LOC       0.33      0.56      0.41       200
    ARGM-MNR       0.00      0.00      0.00       104
    ARGM-MNS       0.00      0.00      0.00         7
    ARGM-NEG       0.00      0.00      0.00         2
    ARGM-PRP       0.15      0.55      0.23        33
    ARGM-PRX       0.00      0.00      0.00         2
    ARGM-TMP       0.00      0.00      0.00        95

    accuracy                           0.41      1688
   macro avg       0.05      0.10      0.06      1688
weighted avg       0.23      0.41      0.28      1688

Confusion Matrix:
[[  0   0   1   0   0   0   0   0   0   0   0   0   0   0   0   0   0   0
    0   0   0]
 [  0   4 288   0   0   0   0   0   0   0   0   0   0   0  11   0   0   0
    0   0   0]
 [  0   2 562   0   0   0   0   0   0   0   0   0   1   0  25   0   0   0
    8   0   1]
 [  0   0  56   0   0   0   0   0   0   0   0   0   0   0   1   0   0   0
    2   0   0]
 [  0   1  92   0   0   0   0   0   0   0   0   0   0   0   6   0   0   0
    5   0   0]
 [  0   0   9   0   0   0   0   0   0   0   0   0   0   0   6   0   0   0
    0   0   0]
 [  0   0   5   0   0   0   0   0   0   0   0   0   0   0  12   0   0   0
    0   0   0]
 [  0   0  11   0   0   0   0   0   0   0   0   0   0   0   0   0   0   0
    0   0   0]
 [  0   0   3   0   0   0   0   0   0   0   0   0   0   0   0   0   0   0
    0   0   0]
 [  0   4  15   0   0   0   0   0   0   0   0   0   0   0   8   0   0   0
   15   0   0]
 [  0   1   6   0   0   0   0   0   0   0   0   0   0   0  15   0   0   0
    2   0   0]
 [  0   0   1   0   0   0   0   0   0   0   0   0   0   0   4   0   0   0
    0   0   0]
 [  0   2   9   0   0   0   0   0   0   0   0   0   0   0   3   0   0   0
   17   0   0]
 [  0   2   9   0   0   0   0   0   0   0   0   0   0   0  19   0   0   0
    1   0   0]
 [  0   0  87   0   0   0   0   0   0   0   0   0   0   0 111   0   0   0
    2   0   0]
 [  0  16  28   0   0   0   0   0   0   0   0   0   0   0  13   0   0   0
   47   0   0]
 [  0   1   5   0   0   0   0   0   0   0   0   0   0   0   1   0   0   0
    0   0   0]
 [  0   0   0   0   0   0   0   0   0   0   0   0   0   0   0   0   0   0
    2   0   0]
 [  0   0   0   0   0   0   0   0   0   0   0   0   0   0  13   0   0   0
   20   0   0]
 [  0   0   1   0   0   0   0   0   0   0   0   0   0   0   1   0   0   0
    0   0   0]
 [  0   2   4   0   0   0   0   0   0   0   0   0   0   0  86   0   0   0
    3   0   0]]
Classification Report:
              precision    recall  f1-score   support

   ARG-UNDEF       0.00      0.00      0.00         1
        ARG0       0.11      0.01      0.02       303
        ARG1       0.47      0.94      0.63       599
        ARG2       0.00      0.00      0.00        59
    ARG2-ATR       0.00      0.00      0.00       104
    ARG2-GOL       0.00      0.00      0.00        15
    ARG2-LOC       0.00      0.00      0.00        17
    ARG2-SOU       0.00      0.00      0.00        11
        ARG3       0.00      0.00      0.00         3
    ARGM-ADV       0.00      0.00      0.00        42
    ARGM-CAU       0.00      0.00      0.00        24
    ARGM-DIR       0.00      0.00      0.00         5
    ARGM-DIS       0.00      0.00      0.00        31
    ARGM-EXT       0.00      0.00      0.00        31
    ARGM-LOC       0.33      0.56      0.41       200
    ARGM-MNR       0.00      0.00      0.00       104
    ARGM-MNS       0.00      0.00      0.00         7
    ARGM-NEG       0.00      0.00      0.00         2
    ARGM-PRP       0.16      0.61      0.25        33
    ARGM-PRX       0.00      0.00      0.00         2
    ARGM-TMP       0.00      0.00      0.00        95

    accuracy                           0.41      1688
   macro avg       0.05      0.10      0.06      1688
weighted avg       0.23      0.41      0.28      1688

