Confusion Matrix:
[[   0    0    0    0    0    0    0    0    0    0    0    0    0    0
     0    0    0    0    0    0    0  302]
 [   0    0    0    0    0    0    0    0    0    0    0    0    0    0
     0    0    0    0    0    0    0  604]
 [   0    0    0    0    0    0    0    0    0    0    0    0    0    0
     0    0    0    0    0    0    0   56]
 [   0    0    0    0    0    0    0    0    0    0    0    0    0    0
     0    0    0    0    0    0    0  101]
 [   0    0    0    0    0    0    0    0    0    0    0    0    0    0
     0    0    0    0    0    0    0   15]
 [   0    0    0    0    0    0    0    0    0    0    0    0    0    0
     0    0    0    0    0    0    0   16]
 [   0    0    0    0    0    0    0    0    0    0    0    0    0    0
     0    0    0    0    0    0    0   20]
 [   0    0    0    0    0    0    0    0    0    0    0    0    0    0
     0    0    0    0    0    0    0    1]
 [   0    1    0    0    0    0    0    0    0    0    0    0    0    0
     0    0    0    0    0    0    0   48]
 [   0    0    0    0    0    0    0    0    0    0    0    0    0    0
     0    0    0    0    0    0    0   16]
 [   0    0    0    0    0    0    0    0    0    0    0    0    0    0
     0    0    0    0    0    0    0    7]
 [   0    1    0    0    0    0    0    0    0    0    0    0    0    0
     0    0    0    0    0    0    0   34]
 [   0    0    0    0    0    0    0    0    0    0    0    0    0    0
     0    0    0    0    0    0    0   33]
 [   0    1    0    0    0    0    0    0    0    0    0    0    0    0
     0    0    0    0    0    0    0  207]
 [   0    0    0    0    0    0    0    0    0    0    0    0    0    0
     0    0    0    0    0    0    0  108]
 [   0    0    0    0    0    0    0    0    0    0    0    0    0    0
     0    0    0    0    0    0    0   16]
 [   0    0    0    0    0    0    0    0    0    0    0    0    0    0
     0    0    0    0    0    0    0    1]
 [   0    0    0    0    0    0    0    0    0    0    0    0    0    0
     0    0    0    0    0    0    0    2]
 [   0    0    0    0    0    0    0    0    0    0    0    0    0    0
     0    0    0    0    0    0    0   33]
 [   0    0    0    0    0    0    0    0    0    0    0    0    0    0
     0    0    0    0    0    0    0    1]
 [   0    0    0    0    0    0    0    0    0    0    0    0    0    0
     0    0    0    0    0    0    0   94]
 [   0    3    0    0    0    0    0    0    0    0    0    0    0    0
     0    0    0    0    0    0    0 2643]]
Classification Report:
              precision    recall  f1-score   support

           1       0.00      0.00      0.00       302
           2       0.00      0.00      0.00       604
           3       0.00      0.00      0.00        56
           4       0.00      0.00      0.00       101
           5       0.00      0.00      0.00        15
           6       0.00      0.00      0.00        16
           7       0.00      0.00      0.00        20
           8       0.00      0.00      0.00         1
           9       0.00      0.00      0.00        49
          10       0.00      0.00      0.00        16
          11       0.00      0.00      0.00         7
          12       0.00      0.00      0.00        35
          13       0.00      0.00      0.00        33
          14       0.00      0.00      0.00       208
          15       0.00      0.00      0.00       108
          16       0.00      0.00      0.00        16
          17       0.00      0.00      0.00         1
          18       0.00      0.00      0.00         2
          19       0.00      0.00      0.00        33
          20       0.00      0.00      0.00         1
          21       0.00      0.00      0.00        94
          22       0.61      1.00      0.75      2646

    accuracy                           0.61      4364
   macro avg       0.03      0.05      0.03      4364
weighted avg       0.37      0.61      0.46      4364

Confusion Matrix:
[[   0    0    0    0    0    0    0    0    0    0    0    0    0    0
     0    0    0    0    0  291]
 [   0    0    0    0    0    0    0    0    0    0    0    0    0    0
     0    0    0    0    0  575]
 [   0    0    0    0    0    0    0    0    0    0    0    0    0    0
     0    0    0    0    0   60]
 [   0    0    0    0    0    0    0    0    0    0    0    0    0    0
     0    0    0    0    0  107]
 [   0    0    0    0    0    0    0    0    0    0    0    0    0    0
     0    0    0    0    0   13]
 [   0    0    0    0    0    0    0    0    0    0    0    0    0    0
     0    0    0    0    0   18]
 [   0    0    0    0    0    0    0    0    0    0    0    0    0    0
     0    0    0    0    0   11]
 [   0    0    0    0    0    0    0    0    0    0    0    0    0    0
     0    0    0    0    0    1]
 [   0    0    0    0    0    0    0    0    0    0    0    0    0    0
     0    0    0    0    0   31]
 [   0    0    0    0    0    0    0    0    0    0    0    0    0    0
     0    0    0    0    0   26]
 [   0    0    0    0    0    0    0    0    0    0    0    0    0    0
     0    0    0    0    0    3]
 [   0    0    0    0    0    0    0    0    0    0    0    0    0    0
     0    0    0    0    0   28]
 [   0    0    0    0    0    0    0    0    0    0    0    0    0    0
     0    0    0    0    0   27]
 [   0    0    0    0    0    0    0    0    0    0    0    0    0    0
     0    0    0    0    0  200]
 [   0    0    0    0    0    0    0    0    0    0    0    0    0    0
     0    0    0    0    0  125]
 [   0    0    0    0    0    0    0    0    0    0    0    0    0    0
     0    0    0    0    0   15]
 [   0    0    0    0    0    0    0    0    0    0    0    0    0    0
     0    0    0    0    0   33]
 [   0    0    0    0    0    0    0    0    0    0    0    0    0    0
     0    0    0    0    0    1]
 [   0    0    0    0    0    0    0    0    0    0    0    0    0    0
     0    0    0    0    0  104]
 [   0    0    0    0    0    0    0    0    0    0    0    0    0    0
     0    0    0    0    0 2695]]
Classification Report:
              precision    recall  f1-score   support

           1       0.00      0.00      0.00       291
           2       0.00      0.00      0.00       575
           3       0.00      0.00      0.00        60
           4       0.00      0.00      0.00       107
           5       0.00      0.00      0.00        13
           6       0.00      0.00      0.00        18
           7       0.00      0.00      0.00        11
           8       0.00      0.00      0.00         1
           9       0.00      0.00      0.00        31
          10       0.00      0.00      0.00        26
          11       0.00      0.00      0.00         3
          12       0.00      0.00      0.00        28
          13       0.00      0.00      0.00        27
          14       0.00      0.00      0.00       200
          15       0.00      0.00      0.00       125
          16       0.00      0.00      0.00        15
          19       0.00      0.00      0.00        33
          20       0.00      0.00      0.00         1
          21       0.00      0.00      0.00       104
          22       0.62      1.00      0.76      2695

    accuracy                           0.62      4364
   macro avg       0.03      0.05      0.04      4364
weighted avg       0.38      0.62      0.47      4364

