Confusion Matrix:
[[   0   15    0    0    0    0    0    0    0    0    0    0    0    0
     0    0    0    0    0    0    0  311]
 [   0  121    0    0    0    0    0    0    0    0    0    0    0    0
     0    0    0    0    0    0    0  436]
 [   0   12    0    0    0    0    0    0    0    0    0    0    0    0
     0    0    0    0    0    0    0   36]
 [   0    7    0    0    0    0    0    0    0    0    0    0    0    0
     0    0    0    0    0    0    0   98]
 [   0    7    0    0    0    0    0    0    0    0    0    0    0    0
     0    0    0    0    0    0    0   14]
 [   0    4    0    0    0    0    0    0    0    0    0    0    0    0
     0    0    0    0    0    0    0   12]
 [   0   10    0    0    0    0    0    0    0    0    0    0    0    0
     0    0    0    0    0    0    0    8]
 [   0    1    0    0    0    0    0    0    0    0    0    0    0    0
     0    0    0    0    0    0    0    0]
 [   0    1    0    0    0    0    0    0    0    0    0    0    0    0
     0    0    0    0    0    0    0   40]
 [   0    2    0    0    0    0    0    0    0    0    0    0    0    0
     0    0    0    0    0    0    0   21]
 [   0    2    0    0    0    0    0    0    0    0    0    0    0    0
     0    0    0    0    0    0    0    6]
 [   0    1    0    0    0    0    0    0    0    0    0    0    0    0
     0    0    0    0    0    0    0   22]
 [   0    5    0    0    0    0    0    0    0    0    0    0    0    0
     0    0    0    0    0    0    0   20]
 [   0   53    0    0    0    0    0    0    0    0    0    0    0    0
     0    0    0    0    0    0    0  157]
 [   0   22    0    0    0    0    0    0    0    0    0    0    0    0
     0    0    0    0    0    0    0   89]
 [   0    1    0    0    0    0    0    0    0    0    0    0    0    0
     0    0    0    0    0    0    0    8]
 [   0    0    0    0    0    0    0    0    0    0    0    0    0    0
     0    0    0    0    0    0    0    1]
 [   0    0    0    0    0    0    0    0    0    0    0    0    0    0
     0    0    0    0    0    0    0    1]
 [   0    4    0    0    0    0    0    0    0    0    0    0    0    0
     0    0    0    0    0    0    0   29]
 [   0    1    0    0    0    0    0    0    0    0    0    0    0    0
     0    0    0    0    0    0    0    0]
 [   0   15    0    0    0    0    0    0    0    0    0    0    0    0
     0    0    0    0    0    0    0   89]
 [   0  195    0    0    0    0    0    0    0    0    0    0    0    0
     0    0    0    0    0    0    0 2487]]
Classification Report:
              precision    recall  f1-score   support

           1       0.00      0.00      0.00       326
           2       0.25      0.22      0.23       557
           3       0.00      0.00      0.00        48
           4       0.00      0.00      0.00       105
           5       0.00      0.00      0.00        21
           6       0.00      0.00      0.00        16
           7       0.00      0.00      0.00        18
           8       0.00      0.00      0.00         1
           9       0.00      0.00      0.00        41
          10       0.00      0.00      0.00        23
          11       0.00      0.00      0.00         8
          12       0.00      0.00      0.00        23
          13       0.00      0.00      0.00        25
          14       0.00      0.00      0.00       210
          15       0.00      0.00      0.00       111
          16       0.00      0.00      0.00         9
          17       0.00      0.00      0.00         1
          18       0.00      0.00      0.00         1
          19       0.00      0.00      0.00        33
          20       0.00      0.00      0.00         1
          21       0.00      0.00      0.00       104
          22       0.64      0.93      0.76      2682

    accuracy                           0.60      4364
   macro avg       0.04      0.05      0.05      4364
weighted avg       0.43      0.60      0.50      4364

Confusion Matrix:
[[   0   12    0    0    0    0    0    0    0    0    0    0    0    0
     0    0    0    0    0    0  309]
 [   0  111    0    0    0    0    0    0    0    0    0    0    0    0
     0    0    0    0    0    0  464]
 [   0   10    0    0    0    0    0    0    0    0    0    0    0    0
     0    0    0    0    0    0   35]
 [   0    4    0    0    0    0    0    0    0    0    0    0    0    0
     0    0    0    0    0    0   98]
 [   0    9    0    0    0    0    0    0    0    0    0    0    0    0
     0    0    0    0    0    0   13]
 [   0    4    0    0    0    0    0    0    0    0    0    0    0    0
     0    0    0    0    0    0   11]
 [   0    5    0    0    0    0    0    0    0    0    0    0    0    0
     0    0    0    0    0    0    9]
 [   0    0    0    0    0    0    0    0    0    0    0    0    0    0
     0    0    0    0    0    0    1]
 [   0    0    0    0    0    0    0    0    0    0    0    0    0    0
     0    0    0    0    0    0   40]
 [   0    3    0    0    0    0    0    0    0    0    0    0    0    0
     0    0    0    0    0    0   20]
 [   0    4    0    0    0    0    0    0    0    0    0    0    0    0
     0    0    0    0    0    0    7]
 [   0    3    0    0    0    0    0    0    0    0    0    0    0    0
     0    0    0    0    0    0   25]
 [   0    6    0    0    0    0    0    0    0    0    0    0    0    0
     0    0    0    0    0    0   19]
 [   0   59    0    0    0    0    0    0    0    0    0    0    0    0
     0    0    0    0    0    0  162]
 [   0   20    0    0    0    0    0    0    0    0    0    0    0    0
     0    0    0    0    0    0   90]
 [   0    5    0    0    0    0    0    0    0    0    0    0    0    0
     0    0    0    0    0    0   10]
 [   0    0    0    0    0    0    0    0    0    0    0    0    0    0
     0    0    0    0    0    0    1]
 [   0    0    0    0    0    0    0    0    0    0    0    0    0    0
     0    0    0    0    0    0    2]
 [   0    3    0    0    0    0    0    0    0    0    0    0    0    0
     0    0    0    0    0    0   36]
 [   0   16    0    0    0    0    0    0    0    0    0    0    0    0
     0    0    0    0    0    0   86]
 [   0  193    0    0    0    0    0    0    0    0    0    0    0    0
     0    0    0    0    0    0 2459]]
Classification Report:
              precision    recall  f1-score   support

           1       0.00      0.00      0.00       321
           2       0.24      0.19      0.21       575
           3       0.00      0.00      0.00        45
           4       0.00      0.00      0.00       102
           5       0.00      0.00      0.00        22
           6       0.00      0.00      0.00        15
           7       0.00      0.00      0.00        14
           8       0.00      0.00      0.00         1
           9       0.00      0.00      0.00        40
          10       0.00      0.00      0.00        23
          11       0.00      0.00      0.00        11
          12       0.00      0.00      0.00        28
          13       0.00      0.00      0.00        25
          14       0.00      0.00      0.00       221
          15       0.00      0.00      0.00       110
          16       0.00      0.00      0.00        15
          17       0.00      0.00      0.00         1
          18       0.00      0.00      0.00         2
          19       0.00      0.00      0.00        39
          21       0.00      0.00      0.00       102
          22       0.63      0.93      0.75      2652

    accuracy                           0.59      4364
   macro avg       0.04      0.05      0.05      4364
weighted avg       0.41      0.59      0.48      4364

