Confusion Matrix:
[[   0    0    0    0    0    0    0    0    0    0    0    0    0    0
     0    0    0    0    0    0    0    0    1]
 [   0    0    0    0    0    0    0    0    0    0    0    0    0    0
     0    0    0    0    0    0    0    0  308]
 [   0    0    0    0    0    0    0    0    0    0    0    0    0    0
     0    0    0    0    0    0    0    0  624]
 [   0    0    0    0    0    0    0    0    0    0    0    0    0    0
     0    0    0    0    0    0    0    0   53]
 [   0    0    0    0    0    0    0    0    0    0    0    0    0    0
     0    0    0    0    0    0    0    0  102]
 [   0    0    0    0    0    0    0    0    0    0    0    0    0    0
     0    0    0    0    0    0    0    0   22]
 [   0    0    0    0    0    0    0    0    0    0    0    0    0    0
     0    0    0    0    0    0    0    0   13]
 [   0    0    0    0    0    0    0    0    0    0    0    0    0    0
     0    0    0    0    0    0    0    0   19]
 [   0    0    0    0    0    0    0    0    0    0    0    0    0    0
     0    0    0    0    0    0    0    0    1]
 [   0    0    0    0    0    0    0    0    0    0    0    0    0    0
     0    0    0    0    0    0    0    0   33]
 [   0    0    0    0    0    0    0    0    0    0    0    0    0    0
     0    0    0    0    0    0    0    0   18]
 [   0    0    0    0    0    0    0    0    0    0    0    0    0    0
     0    0    0    0    0    0    0    0    4]
 [   0    0    0    0    0    0    0    0    0    0    0    0    0    0
     0    0    0    0    0    0    0    0   19]
 [   0    0    0    0    0    0    0    0    0    0    0    0    0    0
     0    0    0    0    0    0    0    0   19]
 [   0    0    0    0    0    0    0    0    0    0    0    0    0    0
     0    0    0    0    0    0    0    0  178]
 [   0    0    0    0    0    0    0    0    0    0    0    0    0    0
     0    0    0    0    0    0    0    0  112]
 [   0    0    0    0    0    0    0    0    0    0    0    0    0    0
     0    0    0    0    0    0    0    0   16]
 [   0    0    0    0    0    0    0    0    0    0    0    0    0    0
     0    0    0    0    0    0    0    0    1]
 [   0    0    0    0    0    0    0    0    0    0    0    0    0    0
     0    0    0    0    0    0    0    0    1]
 [   0    0    0    0    0    0    0    0    0    0    0    0    0    0
     0    0    0    0    0    0    0    0   22]
 [   0    0    0    0    0    0    0    0    0    0    0    0    0    0
     0    0    0    0    0    0    0    0    1]
 [   0    0    0    0    0    0    0    0    0    0    0    0    0    0
     0    0    0    0    0    0    0    0  102]
 [   0    0    0    0    0    0    0    0    0    0    0    0    0    0
     0    0    0    0    0    0    0    0 2695]]
Classification Report:
              precision    recall  f1-score   support

           0       0.00      0.00      0.00         1
           1       0.00      0.00      0.00       308
           2       0.00      0.00      0.00       624
           3       0.00      0.00      0.00        53
           4       0.00      0.00      0.00       102
           5       0.00      0.00      0.00        22
           6       0.00      0.00      0.00        13
           7       0.00      0.00      0.00        19
           8       0.00      0.00      0.00         1
           9       0.00      0.00      0.00        33
          10       0.00      0.00      0.00        18
          11       0.00      0.00      0.00         4
          12       0.00      0.00      0.00        19
          13       0.00      0.00      0.00        19
          14       0.00      0.00      0.00       178
          15       0.00      0.00      0.00       112
          16       0.00      0.00      0.00        16
          17       0.00      0.00      0.00         1
          18       0.00      0.00      0.00         1
          19       0.00      0.00      0.00        22
          20       0.00      0.00      0.00         1
          21       0.00      0.00      0.00       102
          22       0.62      1.00      0.76      2695

    accuracy                           0.62      4364
   macro avg       0.03      0.04      0.03      4364
weighted avg       0.38      0.62      0.47      4364

Confusion Matrix:
[[   0    0    0    0    0    0    0    0    0    0    0    0    0    0
     0    0    0    0    0  321]
 [   0    0    0    0    0    0    0    0    0    0    0    0    0    0
     0    0    0    0    0  597]
 [   0    0    0    0    0    0    0    0    0    0    0    0    0    0
     0    0    0    0    0   49]
 [   0    0    0    0    0    0    0    0    0    0    0    0    0    0
     0    0    0    0    0  120]
 [   0    0    0    0    0    0    0    0    0    0    0    0    0    0
     0    0    0    0    0   19]
 [   0    0    0    0    0    0    0    0    0    0    0    0    0    0
     0    0    0    0    0   21]
 [   0    0    0    0    0    0    0    0    0    0    0    0    0    0
     0    0    0    0    0   16]
 [   0    0    0    0    0    0    0    0    0    0    0    0    0    0
     0    0    0    0    0   44]
 [   0    0    0    0    0    0    0    0    0    0    0    0    0    0
     0    0    0    0    0   26]
 [   0    0    0    0    0    0    0    0    0    0    0    0    0    0
     0    0    0    0    0    7]
 [   0    0    0    0    0    0    0    0    0    0    0    0    0    0
     0    0    0    0    0   28]
 [   0    0    0    0    0    0    0    0    0    0    0    0    0    0
     0    0    0    0    0   24]
 [   0    0    0    0    0    0    0    0    0    0    0    0    0    0
     0    0    0    0    0  209]
 [   0    0    0    0    0    0    0    0    0    0    0    0    0    0
     0    0    0    0    0  116]
 [   0    0    0    0    0    0    0    0    0    0    0    0    0    0
     0    0    0    0    0   10]
 [   0    0    0    0    0    0    0    0    0    0    0    0    0    0
     0    0    0    0    0    1]
 [   0    0    0    0    0    0    0    0    0    0    0    0    0    0
     0    0    0    0    0   29]
 [   0    0    0    0    0    0    0    0    0    0    0    0    0    0
     0    0    0    0    0    2]
 [   0    0    0    0    0    0    0    0    0    0    0    0    0    0
     0    0    0    0    0  102]
 [   0    0    0    0    0    0    0    0    0    0    0    0    0    0
     0    0    0    0    0 2623]]
Classification Report:
              precision    recall  f1-score   support

           1       0.00      0.00      0.00       321
           2       0.00      0.00      0.00       597
           3       0.00      0.00      0.00        49
           4       0.00      0.00      0.00       120
           5       0.00      0.00      0.00        19
           6       0.00      0.00      0.00        21
           7       0.00      0.00      0.00        16
           9       0.00      0.00      0.00        44
          10       0.00      0.00      0.00        26
          11       0.00      0.00      0.00         7
          12       0.00      0.00      0.00        28
          13       0.00      0.00      0.00        24
          14       0.00      0.00      0.00       209
          15       0.00      0.00      0.00       116
          16       0.00      0.00      0.00        10
          18       0.00      0.00      0.00         1
          19       0.00      0.00      0.00        29
          20       0.00      0.00      0.00         2
          21       0.00      0.00      0.00       102
          22       0.60      1.00      0.75      2623

    accuracy                           0.60      4364
   macro avg       0.03      0.05      0.04      4364
weighted avg       0.36      0.60      0.45      4364

