Confusion Matrix:
[[   0    1    0    0    0    0    0    0    0    0    0    0    0    0
     0    0    0    0    0    0  313]
 [   0    0    0    0    0    0    0    0    0    0    0    0    0    0
     0    0    0    0    0    0  615]
 [   0    0    0    0    0    0    0    0    0    0    0    0    0    0
     0    0    0    0    0    0   52]
 [   0    0    0    0    0    0    0    0    0    0    0    0    0    0
     0    0    0    0    0    0   97]
 [   0    1    0    0    0    0    0    0    0    0    0    0    0    0
     0    0    0    0    0    0   21]
 [   0    0    0    0    0    0    0    0    0    0    0    0    0    0
     0    0    0    0    0    0   22]
 [   0    0    0    0    0    0    0    0    0    0    0    0    0    0
     0    0    0    0    0    0   15]
 [   0    0    0    0    0    0    0    0    0    0    0    0    0    0
     0    0    0    0    0    0    2]
 [   0    0    0    0    0    0    0    0    0    0    0    0    0    0
     0    0    0    0    0    0   31]
 [   0    0    0    0    0    0    0    0    0    0    0    0    0    0
     0    0    0    0    0    0   21]
 [   0    0    0    0    0    0    0    0    0    0    0    0    0    0
     0    0    0    0    0    0    5]
 [   0    0    0    0    0    0    0    0    0    0    0    0    0    0
     0    0    0    0    0    0   27]
 [   0    0    0    0    0    0    0    0    0    0    0    0    0    0
     0    0    0    0    0    0   33]
 [   0    1    0    0    0    0    0    0    0    0    0    0    0    0
     0    0    0    0    0    0  187]
 [   0    0    0    0    0    0    0    0    0    0    0    0    0    0
     0    0    0    0    0    0   98]
 [   0    0    0    0    0    0    0    0    0    0    0    0    0    0
     0    0    0    0    0    0   13]
 [   0    0    0    0    0    0    0    0    0    0    0    0    0    0
     0    0    0    0    0    0    4]
 [   0    0    0    0    0    0    0    0    0    0    0    0    0    0
     0    0    0    0    0    0   30]
 [   0    0    0    0    0    0    0    0    0    0    0    0    0    0
     0    0    0    0    0    0    2]
 [   0    0    0    0    0    0    0    0    0    0    0    0    0    0
     0    0    0    0    0    0   92]
 [   0    2    0    0    0    0    0    0    0    0    0    0    0    0
     0    0    0    0    0    0 2679]]
Classification Report:
              precision    recall  f1-score   support

           1       0.00      0.00      0.00       314
           2       0.00      0.00      0.00       615
           3       0.00      0.00      0.00        52
           4       0.00      0.00      0.00        97
           5       0.00      0.00      0.00        22
           6       0.00      0.00      0.00        22
           7       0.00      0.00      0.00        15
           8       0.00      0.00      0.00         2
           9       0.00      0.00      0.00        31
          10       0.00      0.00      0.00        21
          11       0.00      0.00      0.00         5
          12       0.00      0.00      0.00        27
          13       0.00      0.00      0.00        33
          14       0.00      0.00      0.00       188
          15       0.00      0.00      0.00        98
          16       0.00      0.00      0.00        13
          18       0.00      0.00      0.00         4
          19       0.00      0.00      0.00        30
          20       0.00      0.00      0.00         2
          21       0.00      0.00      0.00        92
          22       0.61      1.00      0.76      2681

    accuracy                           0.61      4364
   macro avg       0.03      0.05      0.04      4364
weighted avg       0.38      0.61      0.47      4364

Confusion Matrix:
[[   0    0    0    0    0    0    0    0    0    0    0    0    0    0
     0    0    0    0    0    0    0    0    1]
 [   0    0    0    0    1    0    0    0    0    0    0    0    0    0
     0    0    0    0    0    0    0    0  309]
 [   0    0    0    0    0    0    0    0    0    0    0    0    0    0
     0    0    0    0    0    0    0    0  591]
 [   0    0    0    0    0    0    0    0    0    0    0    0    0    0
     0    0    0    0    0    0    0    0   47]
 [   0    0    0    0    0    0    0    0    0    0    0    0    0    0
     0    0    0    0    0    0    0    0   98]
 [   0    0    1    0    0    0    0    0    0    0    0    0    0    0
     0    0    0    0    0    0    0    0   18]
 [   0    0    0    0    0    0    0    0    0    0    0    0    0    0
     0    0    0    0    0    0    0    0   14]
 [   0    0    0    0    0    0    0    0    0    0    0    0    0    0
     0    0    0    0    0    0    0    0   16]
 [   0    0    0    0    0    0    0    0    0    0    0    0    0    0
     0    0    0    0    0    0    0    0    1]
 [   0    0    0    0    0    0    0    0    0    0    0    0    0    0
     0    0    0    0    0    0    0    0   42]
 [   0    0    0    0    0    0    0    0    0    0    0    0    0    0
     0    0    0    0    0    0    0    0   21]
 [   0    0    0    0    0    0    0    0    0    0    0    0    0    0
     0    0    0    0    0    0    0    0    6]
 [   0    0    0    0    0    0    0    0    0    0    0    0    0    0
     0    0    0    0    0    0    0    0   23]
 [   0    0    0    0    0    0    0    0    0    0    0    0    0    0
     0    0    0    0    0    0    0    0   34]
 [   0    0    0    0    0    0    0    0    0    0    0    0    0    0
     0    0    0    0    0    0    0    0  209]
 [   0    0    0    0    0    0    0    0    0    0    0    0    0    0
     0    0    0    0    0    0    0    0  105]
 [   0    0    0    0    0    0    0    0    0    0    0    0    0    0
     0    0    0    0    0    0    0    0   16]
 [   0    0    0    0    0    0    0    0    0    0    0    0    0    0
     0    0    0    0    0    0    0    0    2]
 [   0    0    0    0    0    0    0    0    0    0    0    0    0    0
     0    0    0    0    0    0    0    0    6]
 [   0    0    0    0    0    0    0    0    0    0    0    0    0    0
     0    0    0    0    0    0    0    0   34]
 [   0    0    0    0    0    0    0    0    0    0    0    0    0    0
     0    0    0    0    0    0    0    0    1]
 [   0    0    0    0    0    0    0    0    0    0    0    0    0    0
     0    0    0    0    0    0    0    0   96]
 [   0    0    4    0    0    0    0    0    0    0    0    0    0    0
     0    0    0    0    0    0    0    0 2668]]
Classification Report:
              precision    recall  f1-score   support

           0       0.00      0.00      0.00         1
           1       0.00      0.00      0.00       310
           2       0.00      0.00      0.00       591
           3       0.00      0.00      0.00        47
           4       0.00      0.00      0.00        98
           5       0.00      0.00      0.00        19
           6       0.00      0.00      0.00        14
           7       0.00      0.00      0.00        16
           8       0.00      0.00      0.00         1
           9       0.00      0.00      0.00        42
          10       0.00      0.00      0.00        21
          11       0.00      0.00      0.00         6
          12       0.00      0.00      0.00        23
          13       0.00      0.00      0.00        34
          14       0.00      0.00      0.00       209
          15       0.00      0.00      0.00       105
          16       0.00      0.00      0.00        16
          17       0.00      0.00      0.00         2
          18       0.00      0.00      0.00         6
          19       0.00      0.00      0.00        34
          20       0.00      0.00      0.00         1
          21       0.00      0.00      0.00        96
          22       0.61      1.00      0.76      2672

    accuracy                           0.61      4364
   macro avg       0.03      0.04      0.03      4364
weighted avg       0.37      0.61      0.46      4364

