Confusion Matrix:
[[   0    0    0    0    0    0    0    0    0    0    0    0    0    0
     0    0    0    0    0    1]
 [   0    0    0    0    0    0    0    0    0    0    0    0    0    0
     0    0    0    0    0  304]
 [   0    0    0    0    0    0    0    0    0    0    0    0    0    0
     0    0    0    0    0  580]
 [   0    0    0    0    0    0    0    0    0    0    0    0    0    0
     0    0    0    0    0   59]
 [   0    0    0    0    0    0    0    0    0    0    0    0    0    0
     0    0    0    0    0  109]
 [   0    0    0    0    0    0    0    0    0    0    0    0    0    0
     0    0    0    0    0   17]
 [   0    0    0    0    0    0    0    0    0    0    0    0    0    0
     0    0    0    0    0   11]
 [   0    0    0    0    0    0    0    0    0    0    0    0    0    0
     0    0    0    0    0   13]
 [   0    0    0    0    0    0    0    0    0    0    0    0    0    0
     0    0    0    0    0   41]
 [   0    0    0    0    0    0    0    0    0    0    0    0    0    0
     0    0    0    0    0   22]
 [   0    0    0    0    0    0    0    0    0    0    0    0    0    0
     0    0    0    0    0    7]
 [   0    0    0    0    0    0    0    0    0    0    0    0    0    0
     0    0    0    0    0   27]
 [   0    0    0    0    0    0    0    0    0    0    0    0    0    0
     0    0    0    0    0   29]
 [   0    0    0    0    0    0    0    0    0    0    0    0    0    0
     0    0    0    0    0  216]
 [   0    0    0    0    0    0    0    0    0    0    0    0    0    0
     0    0    0    0    0  100]
 [   0    0    0    0    0    0    0    0    0    0    0    0    0    0
     0    0    0    0    0    8]
 [   0    0    0    0    0    0    0    0    0    0    0    0    0    0
     0    0    0    0    0    3]
 [   0    0    0    0    0    0    0    0    0    0    0    0    0    0
     0    0    0    0    0   38]
 [   0    0    0    0    0    0    0    0    0    0    0    0    0    0
     0    0    0    0    0  103]
 [   0    0    0    0    0    0    0    0    0    0    0    0    0    0
     0    0    0    0    0 2676]]
Classification Report:
              precision    recall  f1-score   support

           0       0.00      0.00      0.00         1
           1       0.00      0.00      0.00       304
           2       0.00      0.00      0.00       580
           3       0.00      0.00      0.00        59
           4       0.00      0.00      0.00       109
           5       0.00      0.00      0.00        17
           6       0.00      0.00      0.00        11
           7       0.00      0.00      0.00        13
           9       0.00      0.00      0.00        41
          10       0.00      0.00      0.00        22
          11       0.00      0.00      0.00         7
          12       0.00      0.00      0.00        27
          13       0.00      0.00      0.00        29
          14       0.00      0.00      0.00       216
          15       0.00      0.00      0.00       100
          16       0.00      0.00      0.00         8
          18       0.00      0.00      0.00         3
          19       0.00      0.00      0.00        38
          21       0.00      0.00      0.00       103
          22       0.61      1.00      0.76      2676

    accuracy                           0.61      4364
   macro avg       0.03      0.05      0.04      4364
weighted avg       0.38      0.61      0.47      4364

Confusion Matrix:
[[   0    0    0    0    0    0    0    0    0    0    0    0    0    0
     0    0    0    0    0    0  331]
 [   0    0    0    0    0    0    0    0    0    0    0    0    0    0
     0    0    0    0    0    0  593]
 [   0    0    0    0    0    0    0    0    0    0    0    0    0    0
     0    0    0    0    0    0   54]
 [   0    0    0    0    0    0    0    0    0    0    0    0    0    0
     0    0    0    0    0    0  109]
 [   0    0    0    0    0    0    0    0    0    0    0    0    0    0
     0    0    0    0    0    0   18]
 [   0    0    0    0    0    0    0    0    0    0    0    0    0    0
     0    0    0    0    0    0   17]
 [   0    0    0    0    0    0    0    0    0    0    0    0    0    0
     0    0    0    0    0    0   18]
 [   0    0    0    0    0    0    0    0    0    0    0    0    0    0
     0    0    0    0    0    0    1]
 [   0    0    0    0    0    0    0    0    0    0    0    0    0    0
     0    0    0    0    0    0   40]
 [   0    0    0    0    0    0    0    0    0    0    0    0    0    0
     0    0    0    0    0    0   22]
 [   0    0    0    0    0    0    0    0    0    0    0    0    0    0
     0    0    0    0    0    0    6]
 [   0    0    0    0    0    0    0    0    0    0    0    0    0    0
     0    0    0    0    0    0   30]
 [   0    0    0    0    0    0    0    0    0    0    0    0    0    0
     0    0    0    0    0    0   24]
 [   0    0    0    0    0    0    0    0    0    0    0    0    0    0
     0    0    0    0    0    0  193]
 [   0    0    0    0    0    0    0    0    0    0    0    0    0    0
     0    0    0    0    0    0   99]
 [   0    0    0    0    0    0    0    0    0    0    0    0    0    0
     0    0    0    0    0    0   12]
 [   0    0    0    0    0    0    0    0    0    0    0    0    0    0
     0    0    0    0    0    0    1]
 [   0    0    0    0    0    0    0    0    0    0    0    0    0    0
     0    0    0    0    0    0    2]
 [   0    0    0    0    0    0    0    0    0    0    0    0    0    0
     0    0    0    0    0    0   41]
 [   0    0    0    0    0    0    0    0    0    0    0    0    0    0
     0    0    0    0    0    0   94]
 [   0    0    0    0    0    0    0    0    0    0    0    0    0    0
     0    0    0    0    0    0 2659]]
Classification Report:
              precision    recall  f1-score   support

           1       0.00      0.00      0.00       331
           2       0.00      0.00      0.00       593
           3       0.00      0.00      0.00        54
           4       0.00      0.00      0.00       109
           5       0.00      0.00      0.00        18
           6       0.00      0.00      0.00        17
           7       0.00      0.00      0.00        18
           8       0.00      0.00      0.00         1
           9       0.00      0.00      0.00        40
          10       0.00      0.00      0.00        22
          11       0.00      0.00      0.00         6
          12       0.00      0.00      0.00        30
          13       0.00      0.00      0.00        24
          14       0.00      0.00      0.00       193
          15       0.00      0.00      0.00        99
          16       0.00      0.00      0.00        12
          17       0.00      0.00      0.00         1
          18       0.00      0.00      0.00         2
          19       0.00      0.00      0.00        41
          21       0.00      0.00      0.00        94
          22       0.61      1.00      0.76      2659

    accuracy                           0.61      4364
   macro avg       0.03      0.05      0.04      4364
weighted avg       0.37      0.61      0.46      4364

