Confusion Matrix:
[[   0  278    0    0    0    0    0    0    0    0    0    0    0    0
     0    0    0    0    0    0    0   27]
 [   0  550    0    0    0    0    0    0    0    0    0    0    0    1
     0    0    0    0    0    0    0   67]
 [   0   21    0    0    0    0    0    0    0    0    0    0    0    0
     0    0    0    0    0    0    0   30]
 [   0   82    0    0    0    0    0    0    0    0    0    0    0    0
     0    0    0    0    0    0    0   11]
 [   0    8    0    0    0    0    0    0    0    0    0    0    0    0
     0    0    0    0    0    0    0    6]
 [   0    1    0    0    0    0    0    0    0    0    0    0    0    0
     0    0    0    0    0    0    0    5]
 [   0    0    0    0    0    0    0    0    0    0    0    0    0    3
     0    0    0    0    0    0    0    5]
 [   0    2    0    0    0    0    0    0    0    0    0    0    0    0
     0    0    0    0    0    0    0    0]
 [   0   13    0    0    0    0    0    0    0    0    0    0    0    0
     0    0    0    0    0    0    0   25]
 [   0    3    0    0    0    0    0    0    0    0    0    0    0    0
     0    0    0    0    0    0    0   21]
 [   0    0    0    0    0    0    0    0    0    0    0    0    0    0
     0    0    0    0    0    0    0    5]
 [   0    2    0    0    0    0    0    0    0    0    0    0    0    0
     0    0    0    0    0    0    0   32]
 [   0    5    0    0    0    0    0    0    0    0    0    0    0    0
     0    0    0    0    0    0    0   26]
 [   0   10    0    0    0    0    0    0    0    0    0    0    0    2
     0    0    0    0    0    0    0  202]
 [   0   53    0    0    0    0    0    0    0    0    0    0    0    0
     0    0    0    0    0    0    0   76]
 [   0    3    0    0    0    0    0    0    0    0    0    0    0    0
     0    0    0    0    0    0    0    9]
 [   0    1    0    0    0    0    0    0    0    0    0    0    0    0
     0    0    0    0    0    0    0    0]
 [   0    1    0    0    0    0    0    0    0    0    0    0    0    0
     0    0    0    0    0    0    0    2]
 [   0    2    0    0    0    0    0    0    0    0    0    0    0    0
     0    0    0    0    0    0    0   37]
 [   0    1    0    0    0    0    0    0    0    0    0    0    0    0
     0    0    0    0    0    0    0    1]
 [   0    1    0    0    0    0    0    0    0    0    0    0    0    0
     0    0    0    0    0    0    0   90]
 [   0  243    0    0    0    0    0    0    0    0    0    0    0    1
     0    0    0    0    0    0    0 2400]]
Classification Report:
              precision    recall  f1-score   support

           1       0.00      0.00      0.00       305
           2       0.43      0.89      0.58       618
           3       0.00      0.00      0.00        51
           4       0.00      0.00      0.00        93
           5       0.00      0.00      0.00        14
           6       0.00      0.00      0.00         6
           7       0.00      0.00      0.00         8
           8       0.00      0.00      0.00         2
           9       0.00      0.00      0.00        38
          10       0.00      0.00      0.00        24
          11       0.00      0.00      0.00         5
          12       0.00      0.00      0.00        34
          13       0.00      0.00      0.00        31
          14       0.29      0.01      0.02       214
          15       0.00      0.00      0.00       129
          16       0.00      0.00      0.00        12
          17       0.00      0.00      0.00         1
          18       0.00      0.00      0.00         3
          19       0.00      0.00      0.00        39
          20       0.00      0.00      0.00         2
          21       0.00      0.00      0.00        91
          22       0.78      0.91      0.84      2644

    accuracy                           0.68      4364
   macro avg       0.07      0.08      0.07      4364
weighted avg       0.55      0.68      0.59      4364

