Confusion Matrix:
[[  46    2    0    0    0    0    0    0    0    0    0    0    0    0
     0    0    0    0    0    0    0  257]
 [  12  137    0    2    0    0    0    0    0    0    0    0    0    0
     0    0    0    0    0    0    1  466]
 [   2    0    0    0    0    0    1    0    0    0    0    0    0    0
     0    0    0    0    0    0    0   48]
 [   0    1    0    2    0    0    0    0    0    1    0    0    0    0
     0    0    0    0    0    0    1   88]
 [   0    0    0    0    0    0    0    0    0    0    0    0    0    0
     0    0    0    0    0    0    0   14]
 [   0    0    0    0    0    0    0    0    0    0    0    0    0    0
     0    0    0    0    0    0    0    6]
 [   0    0    0    0    0    0    0    0    0    0    0    0    0    0
     0    1    0    0    0    0    0    7]
 [   0    0    0    0    0    0    0    0    0    0    0    0    0    0
     0    0    0    0    0    0    0    2]
 [   0    2    0    0    0    0    0    0    0    0    0    1    0    0
     0    0    0    0    0    0    0   35]
 [   0    0    0    0    0    0    0    0    0    1    0    0    0    0
     0    0    0    0    0    0    0   23]
 [   0    0    0    0    0    0    0    0    0    0    0    0    0    0
     0    0    0    0    0    0    0    5]
 [   0    0    0    0    0    0    0    0    0    0    0    1    0    0
     0    0    0    0    0    0    1   32]
 [   0    0    0    1    0    0    0    0    0    0    0    0    0    0
     0    0    0    0    0    0    3   27]
 [   1    0    0    0    0    0    0    0    0    0    0    1    0    0
     0    0    0    0    0    0    1  211]
 [   2    1    0    0    0    0    0    0    0    0    0    0    0    0
     0    0    0    0    0    0    0  126]
 [   0    1    0    0    0    0    0    0    0    0    0    0    0    0
     0    0    0    0    0    0    0   11]
 [   0    0    0    0    0    0    0    0    0    0    0    0    0    0
     0    0    0    0    0    0    0    1]
 [   0    0    0    0    0    0    0    0    0    0    0    0    0    0
     0    0    0    0    0    0    0    3]
 [   0    0    0    0    0    0    0    0    0    0    0    0    0    0
     0    0    0    0    0    0    0   39]
 [   0    0    0    1    0    0    0    0    0    0    0    0    0    0
     0    0    0    0    0    0    0    1]
 [   0    0    0    0    0    0    0    0    0    0    0    0    0    0
     0    0    0    0    0    0   16   75]
 [  32   59    0    1    0    1    0    0    0    0    0    1    1    0
     0    0    0    0    0    0   16 2533]]
Classification Report:
              precision    recall  f1-score   support

           1       0.48      0.15      0.23       305
           2       0.67      0.22      0.33       618
           3       0.00      0.00      0.00        51
           4       0.29      0.02      0.04        93
           5       0.00      0.00      0.00        14
           6       0.00      0.00      0.00         6
           7       0.00      0.00      0.00         8
           8       0.00      0.00      0.00         2
           9       0.00      0.00      0.00        38
          10       0.50      0.04      0.08        24
          11       0.00      0.00      0.00         5
          12       0.25      0.03      0.05        34
          13       0.00      0.00      0.00        31
          14       0.00      0.00      0.00       214
          15       0.00      0.00      0.00       129
          16       0.00      0.00      0.00        12
          17       0.00      0.00      0.00         1
          18       0.00      0.00      0.00         3
          19       0.00      0.00      0.00        39
          20       0.00      0.00      0.00         2
          21       0.41      0.18      0.25        91
          22       0.63      0.96      0.76      2644

    accuracy                           0.63      4364
   macro avg       0.15      0.07      0.08      4364
weighted avg       0.53      0.63      0.53      4364

