Confusion Matrix:
[[ 203   42    0    0    0    0    0    0    0    0    0    0    0    0
     0    0    0    0    0    0    0   60]
 [  55  434    0    3    0    0    0    0    0    0    0    0    0    1
     0    0    0    0    1    0    1  123]
 [  11    6    0    0    0    0    1    0    0    0    0    0    0    0
     0    0    0    0    0    0    0   33]
 [   4   63    0    4    0    0    0    0    0    0    0    0    0    0
     0    0    0    0    0    0    1   21]
 [   0    4    0    0    0    0    0    0    0    0    0    0    0    0
     0    0    0    0    0    0    0   10]
 [   1    0    0    0    0    0    0    0    0    0    0    0    0    0
     0    0    0    0    0    0    0    5]
 [   0    2    0    0    0    0    0    0    0    0    0    0    0    1
     0    1    0    0    0    0    0    4]
 [   1    1    0    0    0    0    0    0    0    0    0    0    0    0
     0    0    0    0    0    0    0    0]
 [   2    5    0    0    0    0    0    0    0    0    0    1    0    0
     1    0    0    0    0    0    0   29]
 [   1    2    0    0    0    0    0    0    0    1    0    0    0    0
     0    0    0    0    0    0    0   20]
 [   0    0    0    0    0    0    0    0    0    0    0    0    0    0
     0    0    0    0    0    0    0    5]
 [   2    0    0    0    0    0    0    0    0    0    0    1    0    0
     0    0    0    0    0    0    2   29]
 [   2    2    0    0    0    0    0    0    0    0    0    0    0    0
     1    0    0    0    0    0    3   23]
 [   5   21    0    0    0    0    0    0    1    0    0    0    0    3
     0    0    0    0    0    0    1  183]
 [   6   24    0    3    0    0    0    0    0    0    0    0    0    1
     2    0    0    0    0    0    0   93]
 [   0    2    0    0    0    0    0    0    0    0    0    0    0    0
     0    0    0    0    0    0    0   10]
 [   1    0    0    0    0    0    0    0    0    0    0    0    0    0
     0    0    0    0    0    0    0    0]
 [   0    0    0    0    0    0    0    0    0    0    0    0    0    0
     0    0    0    0    0    0    0    3]
 [   0    2    0    0    0    0    0    0    0    0    0    0    0    0
     0    0    0    0    0    0    0   37]
 [   0    0    0    1    0    0    0    0    0    0    0    0    0    0
     0    0    0    0    0    0    0    1]
 [   0    0    0    0    0    0    0    0    0    0    0    0    0    0
     0    0    0    0    0    0   19   72]
 [  70  133    0    6    0    1    0    0    0    1    0    1    4    5
     1    0    0    0    0    0   13 2409]]
Classification Report:
              precision    recall  f1-score   support

           1       0.56      0.67      0.61       305
           2       0.58      0.70      0.64       618
           3       0.00      0.00      0.00        51
           4       0.24      0.04      0.07        93
           5       0.00      0.00      0.00        14
           6       0.00      0.00      0.00         6
           7       0.00      0.00      0.00         8
           8       0.00      0.00      0.00         2
           9       0.00      0.00      0.00        38
          10       0.50      0.04      0.08        24
          11       0.00      0.00      0.00         5
          12       0.33      0.03      0.05        34
          13       0.00      0.00      0.00        31
          14       0.27      0.01      0.03       214
          15       0.40      0.02      0.03       129
          16       0.00      0.00      0.00        12
          17       0.00      0.00      0.00         1
          18       0.00      0.00      0.00         3
          19       0.00      0.00      0.00        39
          20       0.00      0.00      0.00         2
          21       0.47      0.21      0.29        91
          22       0.76      0.91      0.83      2644

    accuracy                           0.70      4364
   macro avg       0.19      0.12      0.12      4364
weighted avg       0.63      0.70      0.65      4364

