Confusion Matrix:
[[ 116   14    0    0    0    0    0    0    0    0    0    0    0    1
     0    0    0    0    0    0    0  174]
 [  25  241    0    2    0    0    0    0    0    0    0    0    1    1
     0    0    0    0    0    0    1  347]
 [   5    4    0    0    0    0    0    0    0    0    0    0    0    1
     0    0    0    0    0    0    0   41]
 [   0   11    0    2    0    0    0    0    0    1    0    0    0    0
     0    0    0    0    0    0    1   78]
 [   0    1    0    0    0    0    0    0    0    0    0    0    0    0
     0    0    0    0    0    0    0   13]
 [   0    0    0    0    0    0    0    0    0    0    0    0    0    0
     0    0    0    0    0    0    0    6]
 [   0    1    0    0    0    0    0    0    0    0    0    0    0    1
     0    1    0    0    0    0    0    5]
 [   0    0    0    0    0    0    0    0    0    0    0    0    0    0
     0    0    0    0    0    0    0    2]
 [   3    5    0    0    0    0    0    0    0    0    0    1    0    0
     1    0    0    0    0    0    0   28]
 [   1    2    0    0    0    0    0    0    0    1    0    0    0    0
     0    0    0    0    0    0    0   20]
 [   0    2    0    0    0    0    0    0    0    0    0    0    0    0
     0    0    0    0    0    0    0    3]
 [   0    0    0    0    0    0    0    0    0    0    0    1    0    0
     0    0    0    0    0    0    2   31]
 [   2    0    0    1    0    0    0    0    0    0    0    0    0    0
     0    0    0    0    0    0    3   25]
 [   4   29    0    0    0    0    0    0    1    0    1    0    0    3
     0    0    0    0    0    0    1  175]
 [   3    7    0    0    0    0    0    0    0    0    0    0    0    2
     0    0    0    0    0    0    0  117]
 [   0    2    0    0    0    0    0    0    0    0    0    0    0    0
     0    0    0    0    0    0    0   10]
 [   0    0    0    0    0    0    0    0    0    0    0    0    0    0
     0    0    0    0    0    0    0    1]
 [   0    0    0    0    0    0    0    0    0    0    0    0    0    0
     0    0    0    0    0    0    0    3]
 [   0    5    0    0    0    0    0    0    0    0    0    0    0    0
     0    0    0    0    0    0    1   33]
 [   0    0    0    1    0    0    0    0    0    0    0    0    0    0
     0    0    0    0    0    0    0    1]
 [   0    0    0    0    0    0    0    0    0    0    0    0    0    0
     0    0    0    0    0    0   19   72]
 [  55  123    0    2    0    1    0    0    0    0    0    1    1    2
     0    0    0    0    0    0   14 2445]]
Classification Report:
              precision    recall  f1-score   support

           1       0.54      0.38      0.45       305
           2       0.54      0.39      0.45       618
           3       0.00      0.00      0.00        51
           4       0.25      0.02      0.04        93
           5       0.00      0.00      0.00        14
           6       0.00      0.00      0.00         6
           7       0.00      0.00      0.00         8
           8       0.00      0.00      0.00         2
           9       0.00      0.00      0.00        38
          10       0.50      0.04      0.08        24
          11       0.00      0.00      0.00         5
          12       0.33      0.03      0.05        34
          13       0.00      0.00      0.00        31
          14       0.27      0.01      0.03       214
          15       0.00      0.00      0.00       129
          16       0.00      0.00      0.00        12
          17       0.00      0.00      0.00         1
          18       0.00      0.00      0.00         3
          19       0.00      0.00      0.00        39
          20       0.00      0.00      0.00         2
          21       0.45      0.21      0.29        91
          22       0.67      0.92      0.78      2644

    accuracy                           0.65      4364
   macro avg       0.16      0.09      0.10      4364
weighted avg       0.56      0.65      0.58      4364

