Confusion Matrix:
[[  98   13    0    0    0    0    0    0    0    0    0    0    0    0
     0    0    0    0    0    0    0  194]
 [  14  206    0    1    0    0    0    0    0    0    0    0    0    0
     0    0    0    0    1    0    1  395]
 [   3    1    0    0    0    0    1    0    0    0    0    0    0    0
     0    0    0    0    0    0    0   46]
 [   0   12    0    2    0    0    0    0    0    0    0    0    0    0
     0    0    0    0    0    0    1   78]
 [   0    0    0    0    0    0    0    0    0    0    0    0    0    0
     0    0    0    0    0    0    0   14]
 [   0    0    0    0    0    0    0    0    0    0    0    0    0    0
     0    0    0    0    0    0    0    6]
 [   0    0    0    0    0    0    0    0    0    0    0    0    0    0
     0    1    0    0    0    0    0    7]
 [   0    0    0    0    0    0    0    0    0    0    0    0    0    0
     0    0    0    0    0    0    0    2]
 [   0    2    0    0    0    0    0    0    0    0    0    1    0    0
     0    0    0    0    0    0    0   35]
 [   0    0    0    0    0    0    0    0    0    1    0    0    0    0
     0    0    0    0    0    0    0   23]
 [   0    0    0    0    0    0    0    0    0    0    0    0    0    0
     0    0    0    0    0    0    0    5]
 [   0    0    0    0    0    0    0    0    0    0    0    1    0    0
     0    0    0    0    0    0    1   32]
 [   0    1    0    0    0    0    0    0    0    0    0    0    0    0
     0    0    0    0    0    0    3   27]
 [   1    8    0    0    0    0    0    0    0    0    0    0    1    0
     0    0    0    0    0    0    1  203]
 [   0    5    0    0    0    0    0    0    0    0    0    0    0    0
     0    0    0    0    0    0    0  124]
 [   0    1    0    0    0    0    0    0    0    0    0    0    0    0
     0    0    0    0    0    0    0   11]
 [   0    0    0    0    0    0    0    0    0    0    0    0    0    0
     0    0    0    0    0    0    0    1]
 [   0    0    0    0    0    0    0    0    0    0    0    0    0    0
     0    0    0    0    0    0    0    3]
 [   0    1    0    0    0    0    0    0    0    0    0    0    0    0
     0    0    0    0    0    0    0   38]
 [   0    0    0    1    0    0    0    0    0    0    0    0    0    0
     0    0    0    0    0    0    0    1]
 [   0    2    0    0    0    0    0    0    0    0    0    0    0    0
     0    0    0    0    0    0   16   73]
 [  47   60    0    5    0    1    0    0    0    0    0    1    1    2
     0    0    0    0    0    0   12 2515]]
Classification Report:
              precision    recall  f1-score   support

           1       0.60      0.32      0.42       305
           2       0.66      0.33      0.44       618
           3       0.00      0.00      0.00        51
           4       0.22      0.02      0.04        93
           5       0.00      0.00      0.00        14
           6       0.00      0.00      0.00         6
           7       0.00      0.00      0.00         8
           8       0.00      0.00      0.00         2
           9       0.00      0.00      0.00        38
          10       1.00      0.04      0.08        24
          11       0.00      0.00      0.00         5
          12       0.33      0.03      0.05        34
          13       0.00      0.00      0.00        31
          14       0.00      0.00      0.00       214
          15       0.00      0.00      0.00       129
          16       0.00      0.00      0.00        12
          17       0.00      0.00      0.00         1
          18       0.00      0.00      0.00         3
          19       0.00      0.00      0.00        39
          20       0.00      0.00      0.00         2
          21       0.46      0.18      0.25        91
          22       0.66      0.95      0.78      2644

    accuracy                           0.65      4364
   macro avg       0.18      0.09      0.09      4364
weighted avg       0.56      0.65      0.57      4364

