Confusion Matrix:
[[  0   0   1   0   0   0   0   0   0   0   0   0   0   0   0   0   0   0
    0   0   0]
 [  0 239  52   0   1   0   0   0   0   0   0   0   0   0   7   2   0   0
    0   0   2]
 [  0  76 481   0   5   0   0   0   0   0   0   0   0   1  24   3   0   0
    5   0   4]
 [  0  20  31   0   0   0   0   0   0   0   0   0   0   0   7   1   0   0
    0   0   0]
 [  0   6  60   0  19   0   0   0   0   0   0   0   0   2   5   5   0   0
    1   0   6]
 [  0   2   5   0   0   0   0   0   0   0   0   0   0   0   8   0   0   0
    0   0   0]
 [  0   1   2   0   0   0   0   0   0   0   0   0   0   0  14   0   0   0
    0   0   0]
 [  0   1   3   0   0   0   1   0   0   0   0   0   0   0   5   1   0   0
    0   0   0]
 [  0   2   1   0   0   0   0   0   0   0   0   0   0   0   0   0   0   0
    0   0   0]
 [  0   6  10   0   0   0   0   0   0   6   1   0   3   0   7   4   0   0
    3   0   2]
 [  0   4   3   0   0   0   0   0   0   0   2   0   3   0   4   7   0   0
    1   0   0]
 [  0   0   0   0   0   0   0   0   0   1   0   0   0   0   3   1   0   0
    0   0   0]
 [  0   2   5   0   0   0   0   0   0   3   0   0  12   0   5   2   0   0
    1   0   1]
 [  0   4   5   0   0   0   0   0   0   0   0   0   0   2   5   0   0   0
    1   0  14]
 [  0   8  47   0   1   3   1   0   0   1   0   0   0   1 127   4   0   0
    1   0   6]
 [  0   7  25   0   2   0   0   0   0   1   0   0   2   0  15  45   0   0
    4   0   3]
 [  0   0   6   0   0   0   0   0   0   0   0   0   0   0   0   1   0   0
    0   0   0]
 [  0   0   0   0   0   0   0   0   0   0   0   0   1   0   0   0   0   0
    1   0   0]
 [  0   0   0   0   0   0   0   0   0   0   2   0   2   0   8   2   0   0
   18   0   1]
 [  0   0   0   0   1   0   0   0   0   0   0   0   0   0   1   0   0   0
    0   0   0]
 [  0   2   1   0   0   0   0   0   0   1   0   0   0   1  15   3   0   0
    0   0  72]]
Classification Report:
              precision    recall  f1-score   support

   ARG-UNDEF       0.00      0.00      0.00         1
        ARG0       0.63      0.79      0.70       303
        ARG1       0.65      0.80      0.72       599
        ARG2       0.00      0.00      0.00        59
    ARG2-ATR       0.66      0.18      0.29       104
    ARG2-GOL       0.00      0.00      0.00        15
    ARG2-LOC       0.00      0.00      0.00        17
    ARG2-SOU       0.00      0.00      0.00        11
        ARG3       0.00      0.00      0.00         3
    ARGM-ADV       0.46      0.14      0.22        42
    ARGM-CAU       0.40      0.08      0.14        24
    ARGM-DIR       0.00      0.00      0.00         5
    ARGM-DIS       0.52      0.39      0.44        31
    ARGM-EXT       0.29      0.06      0.11        31
    ARGM-LOC       0.49      0.64      0.55       200
    ARGM-MNR       0.56      0.43      0.49       104
    ARGM-MNS       0.00      0.00      0.00         7
    ARGM-NEG       0.00      0.00      0.00         2
    ARGM-PRP       0.50      0.55      0.52        33
    ARGM-PRX       0.00      0.00      0.00         2
    ARGM-TMP       0.65      0.76      0.70        95

    accuracy                           0.61      1688
   macro avg       0.28      0.23      0.23      1688
weighted avg       0.55      0.61      0.56      1688

Confusion Matrix:
[[  0   0   1   0   0   0   0   0   0   0   0   0   0   0   0   0   0   0
    0   0   0]
 [  0   4 288   0   0   0   0   0   0   0   0   0   0   0  11   0   0   0
    0   0   0]
 [  0   2 562   0   0   0   0   0   0   0   0   0   0   0  25   0   0   0
    8   0   2]
 [  0   0  56   0   0   0   0   0   0   0   0   0   0   0   1   0   0   0
    2   0   0]
 [  0   1  92   0   0   0   0   0   0   0   0   0   0   0   6   0   0   0
    5   0   0]
 [  0   0   9   0   0   0   0   0   0   0   0   0   0   0   6   0   0   0
    0   0   0]
 [  0   0   5   0   0   0   0   0   0   0   0   0   0   0  12   0   0   0
    0   0   0]
 [  0   0  11   0   0   0   0   0   0   0   0   0   0   0   0   0   0   0
    0   0   0]
 [  0   0   3   0   0   0   0   0   0   0   0   0   0   0   0   0   0   0
    0   0   0]
 [  0   4  15   0   0   0   0   0   0   0   0   0   0   0   8   0   0   0
   15   0   0]
 [  0   1   6   0   0   0   0   0   0   0   0   0   0   0  15   0   0   0
    2   0   0]
 [  0   0   1   0   0   0   0   0   0   0   0   0   0   0   4   0   0   0
    0   0   0]
 [  0   2   9   0   0   0   0   0   0   0   0   0   0   0   3   0   0   0
   17   0   0]
 [  0   2   9   0   0   0   0   0   0   0   0   0   0   0  19   0   0   0
    1   0   0]
 [  0   0  87   0   0   0   0   0   0   0   0   0   0   0 110   0   0   0
    3   0   0]
 [  0  16  28   0   0   0   0   0   0   0   0   0   0   0  13   0   0   0
   47   0   0]
 [  0   1   5   0   0   0   0   0   0   0   0   0   0   0   1   0   0   0
    0   0   0]
 [  0   0   0   0   0   0   0   0   0   0   0   0   0   0   0   0   0   0
    2   0   0]
 [  0   0   0   0   0   0   0   0   0   0   0   0   0   0   8   0   0   0
   25   0   0]
 [  0   0   1   0   0   0   0   0   0   0   0   0   0   0   1   0   0   0
    0   0   0]
 [  0   2   4   0   0   0   0   0   0   0   0   0   0   0  86   0   0   0
    3   0   0]]
Classification Report:
              precision    recall  f1-score   support

   ARG-UNDEF       0.00      0.00      0.00         1
        ARG0       0.11      0.01      0.02       303
        ARG1       0.47      0.94      0.63       599
        ARG2       0.00      0.00      0.00        59
    ARG2-ATR       0.00      0.00      0.00       104
    ARG2-GOL       0.00      0.00      0.00        15
    ARG2-LOC       0.00      0.00      0.00        17
    ARG2-SOU       0.00      0.00      0.00        11
        ARG3       0.00      0.00      0.00         3
    ARGM-ADV       0.00      0.00      0.00        42
    ARGM-CAU       0.00      0.00      0.00        24
    ARGM-DIR       0.00      0.00      0.00         5
    ARGM-DIS       0.00      0.00      0.00        31
    ARGM-EXT       0.00      0.00      0.00        31
    ARGM-LOC       0.33      0.55      0.42       200
    ARGM-MNR       0.00      0.00      0.00       104
    ARGM-MNS       0.00      0.00      0.00         7
    ARGM-NEG       0.00      0.00      0.00         2
    ARGM-PRP       0.19      0.76      0.31        33
    ARGM-PRX       0.00      0.00      0.00         2
    ARGM-TMP       0.00      0.00      0.00        95

    accuracy                           0.42      1688
   macro avg       0.05      0.11      0.07      1688
weighted avg       0.23      0.42      0.28      1688

