Confusion Matrix:
[[   0    0    0    0    0    0    0    0    0    0    0    0    0    0
     0    0    0    0    0    0    0  308]
 [   0    0    0    0    0    0    0    0    0    0    0    0    0    0
     0    0    0    0    0    0    0  565]
 [   0    0    0    0    0    0    0    0    0    0    0    0    0    0
     0    0    0    0    0    0    0   61]
 [   0    1    0    0    0    0    0    0    0    0    0    0    0    0
     0    0    0    0    0    0    0  112]
 [   0    0    0    0    0    0    0    0    0    0    0    0    0    0
     0    0    0    0    0    0    0   23]
 [   0    0    0    0    0    0    0    0    0    0    0    0    0    0
     0    0    0    0    0    0    0   11]
 [   0    0    0    0    0    0    0    0    0    0    0    0    0    0
     0    0    0    0    0    0    0   13]
 [   0    0    0    0    0    0    0    0    0    0    0    0    0    0
     0    0    0    0    0    0    0    1]
 [   0    0    0    0    0    0    0    0    0    0    0    0    0    0
     0    0    0    0    0    0    0   40]
 [   0    0    0    0    0    0    0    0    0    0    0    0    0    0
     0    0    0    0    0    0    0   23]
 [   0    0    0    0    0    0    0    0    0    0    0    0    0    0
     0    0    0    0    0    0    0    5]
 [   0    1    0    0    0    0    0    0    0    0    0    0    0    0
     0    0    0    0    0    0    0   30]
 [   0    0    0    0    0    0    0    0    0    0    0    0    0    0
     0    0    0    0    0    0    0   29]
 [   0    1    0    0    0    0    0    0    0    0    0    0    0    0
     0    0    0    0    0    0    0  212]
 [   0    0    0    0    0    0    0    0    0    0    0    0    0    0
     0    0    0    0    0    0    0  106]
 [   0    0    0    0    0    0    0    0    0    0    0    0    0    0
     0    0    0    0    0    0    0   11]
 [   0    0    0    0    0    0    0    0    0    0    0    0    0    0
     0    0    0    0    0    0    0    1]
 [   0    0    0    0    0    0    0    0    0    0    0    0    0    0
     0    0    0    0    0    0    0    2]
 [   0    0    0    0    0    0    0    0    0    0    0    0    0    0
     0    0    0    0    0    0    0   34]
 [   0    0    0    0    0    0    0    0    0    0    0    0    0    0
     0    0    0    0    0    0    0    1]
 [   0    0    0    0    0    0    0    0    0    0    0    0    0    0
     0    0    0    0    0    0    0  105]
 [   0    5    0    0    0    0    0    0    0    0    0    0    0    0
     0    0    0    0    0    0    0 2663]]
Classification Report:
              precision    recall  f1-score   support

           1       0.00      0.00      0.00       308
           2       0.00      0.00      0.00       565
           3       0.00      0.00      0.00        61
           4       0.00      0.00      0.00       113
           5       0.00      0.00      0.00        23
           6       0.00      0.00      0.00        11
           7       0.00      0.00      0.00        13
           8       0.00      0.00      0.00         1
           9       0.00      0.00      0.00        40
          10       0.00      0.00      0.00        23
          11       0.00      0.00      0.00         5
          12       0.00      0.00      0.00        31
          13       0.00      0.00      0.00        29
          14       0.00      0.00      0.00       213
          15       0.00      0.00      0.00       106
          16       0.00      0.00      0.00        11
          17       0.00      0.00      0.00         1
          18       0.00      0.00      0.00         2
          19       0.00      0.00      0.00        34
          20       0.00      0.00      0.00         1
          21       0.00      0.00      0.00       105
          22       0.61      1.00      0.76      2668

    accuracy                           0.61      4364
   macro avg       0.03      0.05      0.03      4364
weighted avg       0.37      0.61      0.46      4364

Confusion Matrix:
[[  88    4    0    0    0    0    0    0    0    0    0    0    0    0
     1    0    0    0    0    0    0  210]
 [   8  183    0    0    0    0    0    0    0    0    0    0    0    6
     0    0    0    0    0    0    0  375]
 [   1    0    0    0    0    0    0    0    0    0    0    0    0    0
     0    0    0    0    0    0    0   40]
 [   1    9    0    0    0    0    0    0    0    1    0    0    0    0
     0    0    0    0    0    0    0  107]
 [   0    0    0    0    0    0    0    0    0    0    0    0    0    1
     0    0    0    0    0    0    0   17]
 [   1    1    0    0    0    0    0    0    0    0    0    0    1    1
     0    0    0    0    0    0    0   13]
 [   0    0    0    0    0    0    0    0    0    0    0    0    0    0
     0    0    0    0    0    0    0   11]
 [   0    0    0    0    0    0    0    0    0    0    0    0    0    0
     0    0    0    0    0    0    0    2]
 [   0    2    0    0    0    0    0    0    0    0    0    0    0    1
     0    0    0    0    0    0    0   34]
 [   0    1    0    0    0    0    0    0    0    3    0    0    0    0
     0    0    0    0    0    0    0   19]
 [   0    0    0    0    0    0    0    0    0    0    0    0    0    0
     0    0    0    0    0    0    0    7]
 [   0    1    0    0    0    0    0    0    0    0    0    0    0    0
     0    0    0    0    0    0    0   28]
 [   0    1    0    0    0    0    0    0    0    0    0    0    0    0
     0    0    0    0    0    0    2   23]
 [   4    9    0    0    0    0    0    0    0    0    0    0    0    9
     0    0    0    0    0    0    1  178]
 [   1    3    0    0    0    0    0    0    0    0    0    0    0    0
     0    0    0    0    0    0    0  108]
 [   0    2    0    0    0    0    0    0    0    0    0    0    0    0
     0    0    0    0    0    0    0   14]
 [   0    0    0    0    0    0    0    0    0    0    0    0    0    0
     0    0    0    0    0    0    0    1]
 [   0    0    0    0    0    0    0    0    0    0    0    0    0    0
     0    0    0    0    0    0    0    3]
 [   0    1    0    0    0    0    0    0    0    0    0    0    0    0
     0    0    0    0    0    0    0   34]
 [   0    0    0    0    0    0    0    0    0    0    0    0    0    0
     0    0    0    0    0    0    0    1]
 [   0    4    0    0    0    0    0    0    0    0    0    0    0    0
     0    0    0    0    0    0   20   73]
 [  52   91    0    0    0    0    0    0    0    1    0    0    2   12
     3    0    0    0    0    0   15 2518]]
Classification Report:
              precision    recall  f1-score   support

           1       0.56      0.29      0.38       303
           2       0.59      0.32      0.41       572
           3       0.00      0.00      0.00        41
           4       0.00      0.00      0.00       118
           5       0.00      0.00      0.00        18
           6       0.00      0.00      0.00        17
           7       0.00      0.00      0.00        11
           8       0.00      0.00      0.00         2
           9       0.00      0.00      0.00        37
          10       0.60      0.13      0.21        23
          11       0.00      0.00      0.00         7
          12       0.00      0.00      0.00        29
          13       0.00      0.00      0.00        26
          14       0.30      0.04      0.08       201
          15       0.00      0.00      0.00       112
          16       0.00      0.00      0.00        16
          17       0.00      0.00      0.00         1
          18       0.00      0.00      0.00         3
          19       0.00      0.00      0.00        35
          20       0.00      0.00      0.00         1
          21       0.53      0.21      0.30        97
          22       0.66      0.93      0.77      2694

    accuracy                           0.65      4364
   macro avg       0.15      0.09      0.10      4364
weighted avg       0.55      0.65      0.57      4364

