Confusion Matrix:
[[   0    0    0    0    0    0    0    0    0    0    0    0    0    0
     0    0    0    0    0    0  337]
 [   0    0    0    0    0    0    0    0    0    0    0    0    0    0
     0    0    0    0    0    0  596]
 [   0    0    0    0    0    0    0    0    0    0    0    0    0    0
     0    0    0    0    0    0   49]
 [   0    0    0    0    0    0    0    0    0    0    0    0    0    0
     0    0    0    0    0    0  108]
 [   0    0    0    0    0    0    0    0    0    0    0    0    0    0
     0    0    0    0    0    0   24]
 [   0    0    0    0    0    0    0    0    0    0    0    0    0    0
     0    0    0    0    0    0   14]
 [   0    0    0    0    0    0    0    0    0    0    0    0    0    0
     0    0    0    0    0    0   13]
 [   0    0    0    0    0    0    0    0    0    0    0    0    0    0
     0    0    0    0    0    0    1]
 [   0    0    0    0    0    0    0    0    0    0    0    0    0    0
     0    0    0    0    0    0   37]
 [   0    0    0    0    0    0    0    0    0    0    0    0    0    0
     0    0    0    0    0    0   30]
 [   0    0    0    0    0    0    0    0    0    0    0    0    0    0
     0    0    0    0    0    0    5]
 [   0    0    0    0    0    0    0    0    0    0    0    0    0    0
     0    0    0    0    0    0   31]
 [   0    0    0    0    0    0    0    0    0    0    0    0    0    0
     0    0    0    0    0    0   30]
 [   0    0    0    0    0    0    0    0    0    0    0    0    0    0
     0    0    0    0    0    0  197]
 [   0    0    0    0    0    0    0    0    0    0    0    0    0    0
     0    0    0    0    0    0  103]
 [   0    0    0    0    0    0    0    0    0    0    0    0    0    0
     0    0    0    0    0    0    9]
 [   0    0    0    0    0    0    0    0    0    0    0    0    0    0
     0    0    0    0    0    0    4]
 [   0    0    0    0    0    0    0    0    0    0    0    0    0    0
     0    0    0    0    0    0   32]
 [   0    0    0    0    0    0    0    0    0    0    0    0    0    0
     0    0    0    0    0    0    1]
 [   0    0    0    0    0    0    0    0    0    0    0    0    0    0
     0    0    0    0    0    0  116]
 [   0    0    0    0    0    0    0    0    0    0    0    0    0    0
     0    0    0    0    0    0 2627]]
Classification Report:
              precision    recall  f1-score   support

           1       0.00      0.00      0.00       337
           2       0.00      0.00      0.00       596
           3       0.00      0.00      0.00        49
           4       0.00      0.00      0.00       108
           5       0.00      0.00      0.00        24
           6       0.00      0.00      0.00        14
           7       0.00      0.00      0.00        13
           8       0.00      0.00      0.00         1
           9       0.00      0.00      0.00        37
          10       0.00      0.00      0.00        30
          11       0.00      0.00      0.00         5
          12       0.00      0.00      0.00        31
          13       0.00      0.00      0.00        30
          14       0.00      0.00      0.00       197
          15       0.00      0.00      0.00       103
          16       0.00      0.00      0.00         9
          18       0.00      0.00      0.00         4
          19       0.00      0.00      0.00        32
          20       0.00      0.00      0.00         1
          21       0.00      0.00      0.00       116
          22       0.60      1.00      0.75      2627

    accuracy                           0.60      4364
   macro avg       0.03      0.05      0.04      4364
weighted avg       0.36      0.60      0.45      4364

Confusion Matrix:
[[ 140   20    0    0    0    0    0    0    0    0    0    0    0    1
     0    0    0    0    0    0    0  153]
 [  19  249    0    0    0    0    0    0    0    0    0    0    0    6
     0    0    0    0    0    0    1  308]
 [   1    0    1    0    0    0    0    0    0    0    0    0    0    0
     0    0    0    0    0    0    0   43]
 [   1   17    0    3    0    0    0    0    0    0    0    0    1    0
     1    0    0    0    0    0    1   75]
 [   0    0    0    0    0    0    0    0    0    0    0    0    0    1
     0    0    0    0    0    0    0   13]
 [   0    0    0    0    0    0    0    0    0    0    0    0    1    1
     0    0    0    0    0    0    0   17]
 [   1    0    0    0    0    0    0    0    0    0    0    0    0    0
     0    0    0    0    0    0    0   17]
 [   0    0    0    0    0    0    0    0    0    0    0    0    0    0
     0    0    0    0    0    0    0    1]
 [   0    3    0    0    0    0    0    0    0    0    0    0    0    0
     0    0    0    0    0    0    0   42]
 [   1    2    0    0    0    0    0    0    0    2    0    0    0    0
     0    0    0    0    0    0    0   25]
 [   0    0    0    0    0    0    0    0    0    0    0    0    0    0
     0    0    0    0    0    0    0    4]
 [   1    4    0    0    0    0    0    0    0    0    0    0    0    0
     0    0    0    0    0    0    0   26]
 [   0    3    0    0    0    0    0    0    0    0    0    0    0    0
     0    0    0    0    0    0    1   20]
 [   1    4    0    0    0    0    0    0    0    0    0    0    0    5
     0    0    0    0    0    0    0  214]
 [   0    9    0    1    0    0    0    0    0    0    0    0    0    1
     3    0    0    0    1    0    1   88]
 [   0    3    0    0    0    0    0    0    0    0    0    0    0    1
     0    0    0    0    0    0    0   15]
 [   0    0    0    0    0    0    0    0    0    0    0    0    0    0
     0    0    0    0    0    0    0    1]
 [   0    0    0    0    0    0    0    0    0    0    0    0    0    0
     0    0    0    0    0    0    0    3]
 [   0    0    0    0    0    0    0    0    0    0    0    0    0    0
     0    0    0    0    0    0    0   46]
 [   0    0    0    0    0    0    0    0    0    0    0    0    0    0
     0    0    0    0    0    0    0    1]
 [   0    2    0    0    0    0    0    0    0    0    0    0    0    0
     0    0    0    0    0    0   20   67]
 [  88  124    0    1    0    0    0    0    0    1    0    0    2    6
     3    0    0    0    0    0   23 2402]]
Classification Report:
              precision    recall  f1-score   support

           1       0.55      0.45      0.49       314
           2       0.57      0.43      0.49       583
           3       1.00      0.02      0.04        45
           4       0.60      0.03      0.06        99
           5       0.00      0.00      0.00        14
           6       0.00      0.00      0.00        19
           7       0.00      0.00      0.00        18
           8       0.00      0.00      0.00         1
           9       0.00      0.00      0.00        45
          10       0.67      0.07      0.12        30
          11       0.00      0.00      0.00         4
          12       0.00      0.00      0.00        31
          13       0.00      0.00      0.00        24
          14       0.23      0.02      0.04       224
          15       0.43      0.03      0.05       104
          16       0.00      0.00      0.00        19
          17       0.00      0.00      0.00         1
          18       0.00      0.00      0.00         3
          19       0.00      0.00      0.00        46
          20       0.00      0.00      0.00         1
          21       0.43      0.22      0.29        89
          22       0.67      0.91      0.77      2650

    accuracy                           0.65      4364
   macro avg       0.23      0.10      0.11      4364
weighted avg       0.58      0.65      0.58      4364

