Confusion Matrix:
[[   0    0    0    0    0    0    0    0    0    0    0    0    0    0
     0    0    0    0    0    0    1]
 [   0    0   18    0    0    0    0    0    0    0    0    0    0    0
     0    0    0    0    0    0  275]
 [   0    0  130    0    0    0    0    0    0    0    0    0    0    0
     0    0    0    0    0    0  458]
 [   0    0   15    0    0    0    0    0    0    0    0    0    0    0
     0    0    0    0    0    0   47]
 [   0    0    8    0    0    0    0    0    0    0    0    0    0    0
     0    0    0    0    0    0  106]
 [   0    0   10    0    0    0    0    0    0    0    0    0    0    0
     0    0    0    0    0    0    9]
 [   0    0    6    0    0    0    0    0    0    0    0    0    0    0
     0    0    0    0    0    0   12]
 [   0    0    6    0    0    0    0    0    0    0    0    0    0    0
     0    0    0    0    0    0    4]
 [   0    0    0    0    0    0    0    0    0    0    0    0    0    0
     0    0    0    0    0    0    1]
 [   0    0    2    0    0    0    0    0    0    0    0    0    0    0
     0    0    0    0    0    0   35]
 [   0    0    1    0    0    0    0    0    0    0    0    0    0    0
     0    0    0    0    0    0   21]
 [   0    0    2    0    0    0    0    0    0    0    0    0    0    0
     0    0    0    0    0    0    6]
 [   0    0    0    0    0    0    0    0    0    0    0    0    0    0
     0    0    0    0    0    0   31]
 [   0    0    9    0    0    0    0    0    0    0    0    0    0    0
     0    0    0    0    0    0   30]
 [   0    0   58    0    0    0    0    0    0    0    0    0    0    0
     0    0    0    0    0    0  152]
 [   0    0   14    0    0    0    0    0    0    0    0    0    0    0
     0    0    0    0    0    0   79]
 [   0    0    3    0    0    0    0    0    0    0    0    0    0    0
     0    0    0    0    0    0    9]
 [   0    0    0    0    0    0    0    0    0    0    0    0    0    0
     0    0    0    0    0    0    1]
 [   0    0    7    0    0    0    0    0    0    0    0    0    0    0
     0    0    0    0    0    0   22]
 [   0    0   17    0    0    0    0    0    0    0    0    0    0    0
     0    0    0    0    0    0   93]
 [   0    0  192    0    0    0    0    0    0    0    0    0    0    0
     0    0    0    0    0    0 2474]]
Classification Report:
              precision    recall  f1-score   support

           0       0.00      0.00      0.00         1
           1       0.00      0.00      0.00       293
           2       0.26      0.22      0.24       588
           3       0.00      0.00      0.00        62
           4       0.00      0.00      0.00       114
           5       0.00      0.00      0.00        19
           6       0.00      0.00      0.00        18
           7       0.00      0.00      0.00        10
           8       0.00      0.00      0.00         1
           9       0.00      0.00      0.00        37
          10       0.00      0.00      0.00        22
          11       0.00      0.00      0.00         8
          12       0.00      0.00      0.00        31
          13       0.00      0.00      0.00        39
          14       0.00      0.00      0.00       210
          15       0.00      0.00      0.00        93
          16       0.00      0.00      0.00        12
          18       0.00      0.00      0.00         1
          19       0.00      0.00      0.00        29
          21       0.00      0.00      0.00       110
          22       0.64      0.93      0.76      2666

    accuracy                           0.60      4364
   macro avg       0.04      0.05      0.05      4364
weighted avg       0.43      0.60      0.50      4364

Confusion Matrix:
[[   0    0    0    0    0    0    0    0    0    0    0    0    0    0
     0    0    0    0    0    0    0    1]
 [   0  148   18    0    0    0    0    0    0    0    0    0    0    3
     1    0    0    0    0    0    0  146]
 [   0   35  286    0    0    0    0    0    0    2    0    0    1   10
     4    0    0    0    0    0    1  255]
 [   0    9    5    0    0    0    0    0    0    0    0    0    0    2
     0    0    0    0    0    0    0   28]
 [   0    4    9    0    2    0    0    0    0    1    0    0    0    0
     1    0    0    0    0    0    1   85]
 [   0    0    4    0    0    0    0    0    0    0    0    0    0    3
     0    0    0    0    0    0    0   14]
 [   0    2    5    0    0    0    0    0    0    0    0    0    0    3
     0    0    0    0    0    0    0   11]
 [   0    4    2    1    0    0    0    0    0    0    0    0    0    2
     0    0    0    0    0    0    0    9]
 [   0    4    2    0    0    0    0    0    1    0    0    0    0    0
     1    0    0    0    0    0    0   27]
 [   0    0    3    0    0    0    0    0    0    2    0    0    0    0
     0    0    0    0    0    0    0   17]
 [   0    0    0    0    0    0    0    0    0    0    0    0    0    0
     1    0    0    0    0    0    0    4]
 [   0    0    1    0    0    0    0    0    0    0    0    0    0    0
     0    0    0    0    0    0    2   21]
 [   0    3    3    0    0    0    0    0    0    0    0    0    2    0
     1    0    0    0    0    0    4   16]
 [   0    4   38    0    0    0    0    0    0    0    0    0    1   40
     0    0    0    0    0    0    2  127]
 [   0    2   16    0    0    0    0    0    0    0    0    0    0    1
     6    0    0    0    0    0    0   88]
 [   0    1    3    0    0    0    0    0    0    0    0    0    0    1
     0    0    0    0    0    0    0    7]
 [   0    0    0    0    0    0    0    0    0    0    0    0    0    0
     0    0    0    0    0    0    0    2]
 [   0    0    0    0    0    0    0    0    0    0    0    0    0    0
     0    0    0    0    0    0    0    1]
 [   0    0    3    0    0    0    0    0    0    0    0    0    0    0
     0    0    0    0    0    0    1   42]
 [   0    0    0    0    1    0    0    0    0    0    0    0    0    0
     0    0    0    0    0    0    0    1]
 [   0    0    2    0    0    0    0    0    0    0    0    0    0    1
     0    0    0    0    0    0   27   68]
 [   0   61  165    0    0    0    0    0    1    1    0    1    0   14
     9    0    0    0    0    0   19 2374]]
Classification Report:
              precision    recall  f1-score   support

           0       0.00      0.00      0.00         1
           1       0.53      0.47      0.50       316
           2       0.51      0.48      0.49       594
           3       0.00      0.00      0.00        44
           4       0.67      0.02      0.04       103
           5       0.00      0.00      0.00        21
           6       0.00      0.00      0.00        21
           7       0.00      0.00      0.00        18
           9       0.50      0.03      0.05        35
          10       0.33      0.09      0.14        22
          11       0.00      0.00      0.00         5
          12       0.00      0.00      0.00        24
          13       0.50      0.07      0.12        29
          14       0.50      0.19      0.27       212
          15       0.25      0.05      0.09       113
          16       0.00      0.00      0.00        12
          17       0.00      0.00      0.00         2
          18       0.00      0.00      0.00         1
          19       0.00      0.00      0.00        46
          20       0.00      0.00      0.00         2
          21       0.47      0.28      0.35        98
          22       0.71      0.90      0.79      2645

    accuracy                           0.66      4364
   macro avg       0.23      0.12      0.13      4364
weighted avg       0.60      0.66      0.61      4364

