Confusion Matrix:
[[   0    2    0    0    0    0    0    0    0    0    0    0    0    0
     0    0    0    0  302]
 [   0    0    0    0    0    0    0    0    0    0    0    0    0    0
     0    0    0    0  580]
 [   0    0    0    0    0    0    0    0    0    0    0    0    0    0
     0    0    0    0   45]
 [   0    0    0    0    0    0    0    0    0    0    0    0    0    0
     0    0    0    0  102]
 [   0    0    0    0    0    0    0    0    0    0    0    0    0    0
     0    0    0    0   17]
 [   0    0    0    0    0    0    0    0    0    0    0    0    0    0
     0    0    0    0   13]
 [   0    0    0    0    0    0    0    0    0    0    0    0    0    0
     0    0    0    0   19]
 [   0    0    0    0    0    0    0    0    0    0    0    0    0    0
     0    0    0    0   51]
 [   0    0    0    0    0    0    0    0    0    0    0    0    0    0
     0    0    0    0   26]
 [   0    0    0    0    0    0    0    0    0    0    0    0    0    0
     0    0    0    0    8]
 [   0    0    0    0    0    0    0    0    0    0    0    0    0    0
     0    0    0    0   26]
 [   0    0    0    0    0    0    0    0    0    0    0    0    0    0
     0    0    0    0   31]
 [   0    0    0    0    0    0    0    0    0    0    0    0    0    0
     0    0    0    0  221]
 [   0    0    0    0    0    0    0    0    0    0    0    0    0    0
     0    0    0    0   87]
 [   0    0    0    0    0    0    0    0    0    0    0    0    0    0
     0    0    0    0   16]
 [   0    0    0    0    0    0    0    0    0    0    0    0    0    0
     0    0    0    0    3]
 [   0    0    0    0    0    0    0    0    0    0    0    0    0    0
     0    0    0    0   42]
 [   0    0    0    0    0    0    0    0    0    0    0    0    0    0
     0    0    0    0  114]
 [   0    3    0    0    0    0    0    0    0    0    0    0    0    0
     0    0    0    0 2656]]
Classification Report:
              precision    recall  f1-score   support

           1       0.00      0.00      0.00       304
           2       0.00      0.00      0.00       580
           3       0.00      0.00      0.00        45
           4       0.00      0.00      0.00       102
           5       0.00      0.00      0.00        17
           6       0.00      0.00      0.00        13
           7       0.00      0.00      0.00        19
           9       0.00      0.00      0.00        51
          10       0.00      0.00      0.00        26
          11       0.00      0.00      0.00         8
          12       0.00      0.00      0.00        26
          13       0.00      0.00      0.00        31
          14       0.00      0.00      0.00       221
          15       0.00      0.00      0.00        87
          16       0.00      0.00      0.00        16
          18       0.00      0.00      0.00         3
          19       0.00      0.00      0.00        42
          21       0.00      0.00      0.00       114
          22       0.61      1.00      0.76      2659

    accuracy                           0.61      4364
   macro avg       0.03      0.05      0.04      4364
weighted avg       0.37      0.61      0.46      4364

Confusion Matrix:
[[  50    5    0    0    0    0    0    0    0    0    0    0    0    0
     1    0    0    0    0    0    0  256]
 [  11  179    0    0    0    0    0    0    0    1    0    0    0    2
     2    0    0    0    0    0    0  392]
 [   4    1    0    0    0    0    0    0    0    0    0    0    0    0
     0    0    0    0    0    0    0   52]
 [   1    6    0    6    0    0    0    0    0    0    0    0    0    0
     0    0    0    0    0    0    0   64]
 [   0    0    0    0    0    0    0    0    0    0    0    0    0    1
     0    0    0    0    0    0    0   20]
 [   0    1    0    0    0    0    0    0    0    0    0    0    0    0
     0    0    0    0    0    0    0   14]
 [   1    0    0    0    0    0    0    0    0    0    0    0    0    0
     0    0    0    0    0    0    0   12]
 [   0    0    0    0    0    0    0    0    0    0    0    0    0    0
     0    0    0    0    0    0    0    1]
 [   0    1    0    0    0    0    0    0    0    0    0    0    0    1
     0    0    0    0    0    0    0   41]
 [   0    3    0    0    0    0    0    0    0    1    0    0    0    1
     0    0    0    0    0    0    0   26]
 [   0    0    0    0    0    0    0    0    0    0    0    0    0    0
     0    0    0    0    0    0    0    3]
 [   0    2    0    0    0    0    0    0    0    0    0    0    0    0
     0    0    0    0    0    0    0   29]
 [   1    0    0    0    0    0    0    0    0    0    0    0    0    0
     0    0    0    0    0    0    1   37]
 [   0    8    0    0    0    0    0    0    0    0    0    0    0    4
     1    0    0    0    0    0    0  172]
 [   1    3    0    3    0    0    0    0    0    0    0    0    0    0
     0    0    0    0    0    0    2  106]
 [   0    1    0    0    0    0    0    0    0    0    0    0    0    0
     0    0    0    0    0    0    0    9]
 [   0    0    0    0    0    0    0    0    0    0    0    0    0    0
     0    0    0    0    0    0    0    1]
 [   0    0    0    0    0    0    0    0    0    0    0    0    0    0
     0    0    0    0    0    0    0    3]
 [   0    2    0    0    0    0    0    0    0    0    0    0    0    0
     0    0    0    0    0    0    0   35]
 [   0    0    0    1    0    0    0    0    0    0    0    0    0    0
     0    0    0    0    0    0    0    0]
 [   0    0    0    0    0    0    0    0    0    0    0    0    0    0
     0    0    0    0    0    0   19   89]
 [  41   95    0    6    0    0    0    0    0    1    0    0    0   10
     1    0    0    0    0    0   14 2506]]
Classification Report:
              precision    recall  f1-score   support

           1       0.45      0.16      0.24       312
           2       0.58      0.30      0.40       587
           3       0.00      0.00      0.00        57
           4       0.38      0.08      0.13        77
           5       0.00      0.00      0.00        21
           6       0.00      0.00      0.00        15
           7       0.00      0.00      0.00        13
           8       0.00      0.00      0.00         1
           9       0.00      0.00      0.00        43
          10       0.33      0.03      0.06        31
          11       0.00      0.00      0.00         3
          12       0.00      0.00      0.00        31
          13       0.00      0.00      0.00        39
          14       0.21      0.02      0.04       185
          15       0.00      0.00      0.00       115
          16       0.00      0.00      0.00        10
          17       0.00      0.00      0.00         1
          18       0.00      0.00      0.00         3
          19       0.00      0.00      0.00        37
          20       0.00      0.00      0.00         1
          21       0.53      0.18      0.26       108
          22       0.65      0.94      0.77      2674

    accuracy                           0.63      4364
   macro avg       0.14      0.08      0.09      4364
weighted avg       0.54      0.63      0.55      4364

