Confusion Matrix:
[[  46    4    0    0    0    0    0    0    0    0    0    0    0    0
     0    0    0    0    0    0  248]
 [  10  166    0    0    0    0    0    0    0    1    0    0    0    1
     0    0    0    0    0    1  404]
 [   5    1    0    0    0    0    0    0    0    0    0    0    0    0
     0    0    0    0    0    0   46]
 [   2    4    0    4    0    0    0    0    0    0    0    0    0    0
     0    0    0    0    0    0  107]
 [   0    1    0    0    0    0    0    0    0    0    0    0    0    1
     0    0    0    0    0    0   15]
 [   0    1    0    0    0    0    0    0    0    0    0    0    0    0
     0    0    0    0    0    0   17]
 [   0    0    0    0    0    0    0    0    0    0    0    0    0    0
     0    0    0    0    0    0   12]
 [   0    0    0    0    0    0    0    0    0    0    0    0    0    0
     0    0    0    0    0    0    1]
 [   0    2    0    0    0    0    0    0    0    0    0    0    0    0
     0    0    0    0    0    0   44]
 [   0    1    0    0    0    0    0    0    0    2    0    0    0    0
     0    0    0    0    0    0   27]
 [   0    0    0    0    0    0    0    0    0    0    0    0    0    0
     0    0    0    0    0    0   10]
 [   0    3    0    0    0    0    0    0    0    0    0    0    0    0
     0    0    0    0    0    0   26]
 [   0    1    0    0    0    0    0    0    0    0    0    0    1    0
     0    0    0    0    0    1   22]
 [   1    9    0    0    0    0    0    0    0    0    0    0    0    1
     0    0    0    0    0    0  188]
 [   0    2    0    1    0    0    0    0    0    0    0    0    0    1
     2    0    0    0    0    1   95]
 [   0    0    0    0    0    0    0    0    0    0    0    0    0    0
     0    0    0    0    0    0   13]
 [   0    0    0    0    0    0    0    0    0    0    0    0    0    0
     0    0    0    0    0    0    1]
 [   0    0    0    0    0    0    0    0    0    0    0    0    0    0
     0    0    0    0    0    0    3]
 [   0    0    0    0    0    0    0    0    0    0    0    0    0    0
     0    0    0    0    0    0   35]
 [   0    5    0    0    0    0    0    0    0    0    0    0    0    0
     0    0    0    0    0   26   74]
 [  38   95    0    2    0    0    0    0    0    1    0    0    0    7
     1    0    0    0    0   23 2501]]
Classification Report:
              precision    recall  f1-score   support

           1       0.45      0.15      0.23       298
           2       0.56      0.28      0.38       583
           3       0.00      0.00      0.00        52
           4       0.57      0.03      0.06       117
           5       0.00      0.00      0.00        17
           6       0.00      0.00      0.00        18
           7       0.00      0.00      0.00        12
           8       0.00      0.00      0.00         1
           9       0.00      0.00      0.00        46
          10       0.50      0.07      0.12        30
          11       0.00      0.00      0.00        10
          12       0.00      0.00      0.00        29
          13       1.00      0.04      0.08        25
          14       0.09      0.01      0.01       199
          15       0.67      0.02      0.04       102
          16       0.00      0.00      0.00        13
          17       0.00      0.00      0.00         1
          18       0.00      0.00      0.00         3
          19       0.00      0.00      0.00        35
          21       0.50      0.25      0.33       105
          22       0.64      0.94      0.76      2668

    accuracy                           0.63      4364
   macro avg       0.24      0.09      0.10      4364
weighted avg       0.56      0.63      0.54      4364

