Confusion Matrix:
[[   0    0    0    0    0    0    0    0    0    0    0    0    0    0
     0    0    0    0    0    0  315]
 [   0    0    0    0    0    0    0    0    0    0    0    0    0    0
     0    0    0    0    0    0  567]
 [   0    0    0    0    0    0    0    0    0    0    0    0    0    0
     0    0    0    0    0    0   50]
 [   0    0    0    0    0    0    0    0    0    0    0    0    0    0
     0    0    0    0    0    0   91]
 [   0    0    0    0    0    0    0    0    0    0    0    0    0    0
     0    0    0    0    0    0   15]
 [   0    0    0    0    0    0    0    0    0    0    0    0    0    0
     0    0    0    0    0    0   22]
 [   0    0    0    0    0    0    0    0    0    0    0    0    0    0
     0    0    0    0    0    0    9]
 [   0    0    0    0    0    0    0    0    0    0    0    0    0    0
     0    0    0    0    0    0    2]
 [   0    0    0    0    0    0    0    0    0    0    0    0    0    0
     0    0    0    0    0    0   39]
 [   0    0    0    0    0    0    0    0    0    0    0    0    0    0
     0    0    0    0    0    0   22]
 [   0    0    0    0    0    0    0    0    0    0    0    0    0    0
     0    0    0    0    0    0    6]
 [   0    0    0    0    0    0    0    0    0    0    0    0    0    0
     0    0    0    0    0    0   33]
 [   0    0    0    0    0    0    0    0    0    0    0    0    0    0
     0    0    0    0    0    0   24]
 [   0    0    0    0    0    0    0    0    0    0    0    0    0    0
     0    0    0    0    0    0  192]
 [   0    0    0    0    0    0    0    0    0    0    0    0    0    0
     0    0    0    0    0    0  106]
 [   0    0    0    0    0    0    0    0    0    0    0    0    0    0
     0    0    0    0    0    0   12]
 [   0    0    0    0    0    0    0    0    0    0    0    0    0    0
     0    0    0    0    0    0    1]
 [   0    0    0    0    0    0    0    0    0    0    0    0    0    0
     0    0    0    0    0    0   36]
 [   0    0    0    0    0    0    0    0    0    0    0    0    0    0
     0    0    0    0    0    0    1]
 [   0    0    0    0    0    0    0    0    0    0    0    0    0    0
     0    0    0    0    0    0  102]
 [   0    0    0    0    0    0    0    0    0    0    0    0    0    0
     0    0    0    0    0    0 2719]]
Classification Report:
              precision    recall  f1-score   support

           1       0.00      0.00      0.00       315
           2       0.00      0.00      0.00       567
           3       0.00      0.00      0.00        50
           4       0.00      0.00      0.00        91
           5       0.00      0.00      0.00        15
           6       0.00      0.00      0.00        22
           7       0.00      0.00      0.00         9
           8       0.00      0.00      0.00         2
           9       0.00      0.00      0.00        39
          10       0.00      0.00      0.00        22
          11       0.00      0.00      0.00         6
          12       0.00      0.00      0.00        33
          13       0.00      0.00      0.00        24
          14       0.00      0.00      0.00       192
          15       0.00      0.00      0.00       106
          16       0.00      0.00      0.00        12
          18       0.00      0.00      0.00         1
          19       0.00      0.00      0.00        36
          20       0.00      0.00      0.00         1
          21       0.00      0.00      0.00       102
          22       0.62      1.00      0.77      2719

    accuracy                           0.62      4364
   macro avg       0.03      0.05      0.04      4364
weighted avg       0.39      0.62      0.48      4364

Confusion Matrix:
[[   0    1    0    0    0    0    0    0    0    0    0    0    0    0
     0    0    0    0    0    0  314]
 [   0  137    0    0    0    0    0    0    0    0    0    0    0    0
     0    0    0    0    0    0  428]
 [   0    0    0    0    0    0    0    0    0    0    0    0    0    0
     0    0    0    0    0    0   63]
 [   0    3    0    0    0    0    0    0    0    0    0    0    0    0
     0    0    0    0    0    0  109]
 [   0    0    0    0    0    0    0    0    0    0    0    0    0    0
     0    0    0    0    0    0   14]
 [   0    0    0    0    0    0    0    0    0    0    0    0    0    0
     0    0    0    0    0    0   19]
 [   0    0    0    0    0    0    0    0    0    0    0    0    0    0
     0    0    0    0    0    0   12]
 [   0    0    0    0    0    0    0    0    0    0    0    0    0    0
     0    0    0    0    0    0    1]
 [   0    0    0    0    0    0    0    0    0    0    0    0    0    0
     0    0    0    0    0    0   45]
 [   0    0    0    0    0    0    0    0    0    0    0    0    0    0
     0    0    0    0    0    0   27]
 [   0    0    0    0    0    0    0    0    0    0    0    0    0    0
     0    0    0    0    0    0    3]
 [   0    5    0    0    0    0    0    0    0    0    0    0    0    0
     0    0    0    0    0    0   24]
 [   0    0    0    0    0    0    0    0    0    0    0    0    0    0
     0    0    0    0    0    1   24]
 [   0    0    0    0    0    0    0    0    0    0    0    0    0    0
     0    0    0    0    0    1  207]
 [   0    0    0    0    0    0    0    0    0    0    0    0    0    0
     0    0    0    0    0    0   98]
 [   0    0    0    0    0    0    0    0    0    0    0    0    0    0
     0    0    0    0    0    0   11]
 [   0    0    0    0    0    0    0    0    0    0    0    0    0    0
     0    0    0    0    0    0    1]
 [   0    0    0    0    0    0    0    0    0    0    0    0    0    0
     0    0    0    0    0    0    2]
 [   0    0    0    0    0    0    0    0    0    0    0    0    0    0
     0    0    0    0    0    0   38]
 [   0    0    0    0    0    0    0    0    0    0    0    0    0    0
     0    0    0    0    0    0  114]
 [   0   49    0    0    0    0    0    0    0    0    0    0    0    0
     0    0    0    0    0    3 2610]]
Classification Report:
              precision    recall  f1-score   support

           1       0.00      0.00      0.00       315
           2       0.70      0.24      0.36       565
           3       0.00      0.00      0.00        63
           4       0.00      0.00      0.00       112
           5       0.00      0.00      0.00        14
           6       0.00      0.00      0.00        19
           7       0.00      0.00      0.00        12
           8       0.00      0.00      0.00         1
           9       0.00      0.00      0.00        45
          10       0.00      0.00      0.00        27
          11       0.00      0.00      0.00         3
          12       0.00      0.00      0.00        29
          13       0.00      0.00      0.00        25
          14       0.00      0.00      0.00       208
          15       0.00      0.00      0.00        98
          16       0.00      0.00      0.00        11
          17       0.00      0.00      0.00         1
          18       0.00      0.00      0.00         2
          19       0.00      0.00      0.00        38
          21       0.00      0.00      0.00       114
          22       0.63      0.98      0.76      2662

    accuracy                           0.63      4364
   macro avg       0.06      0.06      0.05      4364
weighted avg       0.47      0.63      0.51      4364

