[[227  62   1   1   0   0   0   0   1   0   0   0   0  26   1   0   0   0
    0   0   1]
 [ 74 467   0   5   0   0   0   0   0   2   0   0   2  28   4   0   0   0
    0   0   7]
 [ 27  19   0   0   0   0   0   0   0   0   0   0   0   6   0   0   0   0
    0   0   0]
 [ 19  45   0  35   0   0   0   0   0   0   0   0   1   0   2   0   0   0
    0   0   2]
 [  1   4   0   0   0   0   0   0   0   0   0   0   0  12   0   0   0   0
    0   0   1]
 [  3   6   0   0   0   0   0   0   0   0   0   0   0   8   0   0   0   0
    0   0   0]
 [  3   3   0   0   0   0   0   0   0   0   0   0   0   2   0   1   0   0
    0   0   0]
 [  1   1   0   0   0   0   0   0   0   0   0   0   0   0   0   0   0   0
    0   0   0]
 [  8  19   0   1   0   0   0   0   5   0   0   1   0   0   4   0   0   0
    0   0   1]
 [  2  12   0   0   0   0   0   0   0   3   0   0   0   0   0   0   0   0
    0   0   0]
 [  2   0   0   0   0   0   0   0   0   0   1   0   0   2   0   0   0   0
    0   0   0]
 [  1   8   0   1   0   0   0   0   3   0   0  10   0   0   0   0   0   0
    0   0   3]
 [  3   6   0   0   0   0   0   0   0   0   0   0   2   3   1   0   0   0
    0   0  10]
 [ 24  82   0   0   0   0   0   0   0   0   0   2   0  82   2   0   0   0
    0   0   3]
 [  6  46   0   4   0   0   0   0   1   0   0   1   0   3  48   0   0   0
    0   0   1]
 [  2  10   0   0   0   0   0   0   0   0   0   0   0   2   1   0   0   0
    0   0   0]
 [  0   0   0   0   0   0   0   0   0   0   0   0   0   0   1   0   0   0
    0   0   0]
 [  0   1   0   0   0   0   0   0   0   0   0   0   0   0   0   0   0   0
    0   0   1]
 [  4  38   0   0   0   0   0   0   0   0   0   1   0   1   2   0   0   0
    0   0   0]
 [  0   0   0   1   0   0   0   0   0   0   0   0   0   0   0   0   0   0
    0   0   0]
 [  0  19   0   1   0   0   0   0   1   0   0   2   1   3   1   0   0   0
    0   0  69]]
              precision    recall  f1-score   support

           1       0.56      0.71      0.62       320
           2       0.55      0.79      0.65       589
           3       0.00      0.00      0.00        52
           4       0.71      0.34      0.46       104
           5       0.00      0.00      0.00        18
           6       0.00      0.00      0.00        17
           7       0.00      0.00      0.00         9
           8       0.00      0.00      0.00         2
           9       0.45      0.13      0.20        39
          10       0.60      0.18      0.27        17
          11       1.00      0.20      0.33         5
          12       0.59      0.38      0.47        26
          13       0.33      0.08      0.13        25
          14       0.46      0.42      0.44       195
          15       0.72      0.44      0.54       110
          16       0.00      0.00      0.00        15
          17       0.00      0.00      0.00         1
          18       0.00      0.00      0.00         2
          19       0.00      0.00      0.00        46
          20       0.00      0.00      0.00         1
          21       0.70      0.71      0.70        97
          22	   0.61	     0.37      0.55      2644

    accuracy                           0.56      4364
   macro avg       0.32      0.21      0.23      4364
weighted avg       0.51      0.56      0.52      4364
